t    R    T
2.500000e-08 1.000000e+00 1.361128e-46
2.497500e-05 1.000000e+00 4.029496e-46
4.992500e-05 1.000000e+00 1.232204e-45
7.487500e-05 1.000000e+00 2.318340e-45
9.982500e-05 1.000000e+00 3.599491e-45
1.247750e-04 1.000000e+00 2.719977e-43
1.497250e-04 1.000000e+00 5.219856e-39
1.746750e-04 1.000000e+00 1.102149e-35
1.996250e-04 1.000000e+00 4.575171e-33
2.245750e-04 1.000000e+00 3.998729e-31
2.495250e-04 1.000000e+00 7.172041e-30
2.744750e-04 1.000000e+00 3.600578e-29
2.994250e-04 1.000000e+00 8.179868e-29
3.243750e-04 1.000000e+00 1.242444e-28
3.493250e-04 1.000000e+00 1.642286e-28
3.742750e-04 1.000000e+00 1.979632e-28
3.992250e-04 1.000000e+00 2.207420e-28
4.241750e-04 1.000000e+00 2.372607e-28
4.491250e-04 1.000000e+00 2.542233e-28
4.740750e-04 1.000000e+00 2.761349e-28
4.990250e-04 1.000000e+00 3.122038e-28
5.239750e-04 1.000000e+00 3.672061e-28
5.489250e-04 1.000000e+00 4.294542e-28
5.738750e-04 1.000000e+00 4.775118e-28
5.988250e-04 1.000000e+00 5.114704e-28
6.237750e-04 1.000000e+00 5.301138e-28
6.487250e-04 1.000000e+00 5.519534e-28
6.736750e-04 1.000000e+00 5.854290e-28
6.986250e-04 1.000000e+00 6.360152e-28
7.235750e-04 1.000000e+00 6.887592e-28
7.485250e-04 1.000000e+00 7.382254e-28
7.734750e-04 1.000000e+00 7.726057e-28
7.984250e-04 1.000000e+00 7.955357e-28
8.233750e-04 1.000000e+00 8.106508e-28
8.483250e-04 1.000000e+00 8.178058e-28
8.732750e-04 1.000000e+00 8.214337e-28
8.982250e-04 1.000000e+00 8.242002e-28
9.231750e-04 1.000000e+00 8.267200e-28
9.481250e-04 1.000000e+00 8.289907e-28
9.730750e-04 1.000000e+00 8.319320e-28
9.980250e-04 1.000000e+00 8.349545e-28
1.022975e-03 1.000000e+00 8.383224e-28
1.047925e-03 1.000000e+00 8.422903e-28
1.072875e-03 1.000000e+00 8.480946e-28
1.097825e-03 1.000000e+00 8.556706e-28
1.122775e-03 1.000000e+00 8.671057e-28
1.147725e-03 1.000000e+00 8.919053e-28
1.172675e-03 1.000000e+00 9.479047e-28
1.197625e-03 1.000000e+00 1.067771e-27
1.222575e-03 1.000000e+00 1.294860e-27
1.247525e-03 1.000000e+00 1.733209e-27
1.272475e-03 1.000000e+00 2.697025e-27
1.297425e-03 1.000000e+00 4.874873e-27
1.322375e-03 1.000000e+00 9.660450e-27
1.347325e-03 1.000000e+00 1.987798e-26
1.372275e-03 1.000000e+00 4.150449e-26
1.397225e-03 1.000000e+00 8.761827e-26
1.422175e-03 1.000000e+00 1.861428e-25
1.447125e-03 1.000000e+00 3.953066e-25
1.472075e-03 1.000000e+00 8.355674e-25
1.497025e-03 1.000000e+00 1.757462e-24
1.521975e-03 1.000000e+00 3.677367e-24
1.546925e-03 1.000000e+00 7.655865e-24
1.571875e-03 1.000000e+00 1.585856e-23
1.596825e-03 1.000000e+00 3.267564e-23
1.621775e-03 1.000000e+00 6.696891e-23
1.646725e-03 1.000000e+00 1.365257e-22
1.671675e-03 1.000000e+00 2.768346e-22
1.696625e-03 1.000000e+00 5.583443e-22
1.721575e-03 1.000000e+00 1.120104e-21
1.746525e-03 1.000000e+00 2.234933e-21
1.771475e-03 1.000000e+00 4.435412e-21
1.796425e-03 1.000000e+00 8.754992e-21
1.821375e-03 1.000000e+00 1.718799e-20
1.846325e-03 1.000000e+00 3.356143e-20
1.871275e-03 1.000000e+00 6.517735e-20
1.896225e-03 1.000000e+00 1.258899e-19
1.921175e-03 1.000000e+00 2.418351e-19
1.946125e-03 1.000000e+00 4.620401e-19
1.971075e-03 1.000000e+00 8.779470e-19
1.996025e-03 1.000000e+00 1.659140e-18
2.020975e-03 1.000000e+00 3.118322e-18
2.045925e-03 1.000000e+00 5.828813e-18
2.070875e-03 1.000000e+00 1.083573e-17
2.095825e-03 1.000000e+00 2.003333e-17
2.120775e-03 1.000000e+00 3.683524e-17
2.145725e-03 1.000000e+00 6.735773e-17
2.170675e-03 1.000000e+00 1.224965e-16
2.195625e-03 1.000000e+00 2.215496e-16
2.220575e-03 1.000000e+00 3.985000e-16
2.245525e-03 1.000000e+00 7.128447e-16
2.270475e-03 1.000000e+00 1.268148e-15
2.295425e-03 1.000000e+00 2.243641e-15
2.320375e-03 1.000000e+00 3.947703e-15
2.345325e-03 1.000000e+00 6.907857e-15
2.370275e-03 1.000000e+00 1.202126e-14
2.395225e-03 1.000000e+00 2.080486e-14
2.420175e-03 1.000000e+00 3.580866e-14
2.445125e-03 1.000000e+00 6.129434e-14
2.470075e-03 1.000000e+00 1.043428e-13
2.495025e-03 1.000000e+00 1.766509e-13
2.519975e-03 1.000000e+00 2.974275e-13
2.544925e-03 1.000000e+00 4.980349e-13
2.569875e-03 1.000000e+00 8.293795e-13
2.594825e-03 1.000000e+00 1.373610e-12
2.619775e-03 1.000000e+00 2.262517e-12
2.644725e-03 1.000000e+00 3.706302e-12
2.669675e-03 1.000000e+00 6.038268e-12
2.694625e-03 1.000000e+00 9.783833e-12
2.719575e-03 1.000000e+00 1.576642e-11
2.744525e-03 1.000000e+00 2.526897e-11
2.769475e-03 1.000000e+00 4.027868e-11
2.794425e-03 1.000000e+00 6.385560e-11
2.819375e-03 1.000000e+00 1.006844e-10
2.844325e-03 1.000000e+00 1.578950e-10
2.869275e-03 1.000000e+00 2.462752e-10
2.894225e-03 1.000000e+00 3.820527e-10
2.919175e-03 1.000000e+00 5.894944e-10
2.944125e-03 1.000000e+00 9.046784e-10
2.969075e-03 1.000000e+00 1.380928e-09
2.994025e-03 1.000000e+00 2.096594e-09
3.018975e-03 1.000000e+00 3.166132e-09
3.043925e-03 1.000000e+00 4.755755e-09
3.068875e-03 1.000000e+00 7.105436e-09
3.093825e-03 1.000000e+00 1.055961e-08
3.118775e-03 1.000000e+00 1.560974e-08
3.143725e-03 9.999998e-01 2.295303e-08
3.168675e-03 9.999997e-01 3.357270e-08
3.193625e-03 9.999994e-01 4.884724e-08
3.218575e-03 9.999991e-01 7.069800e-08
3.243525e-03 9.999986e-01 1.017873e-07
3.268475e-03 9.999980e-01 1.457825e-07
3.293425e-03 9.999971e-01 2.077061e-07
3.318375e-03 9.999958e-01 2.943957e-07
3.343325e-03 9.999942e-01 4.151055e-07
3.368275e-03 9.999920e-01 5.822873e-07
3.393225e-03 9.999890e-01 8.125964e-07
3.418175e-03 9.999850e-01 1.128180e-06
3.443125e-03 9.999797e-01 1.558313e-06
3.468075e-03 9.999727e-01 2.141469e-06
3.493025e-03 9.999635e-01 2.927905e-06
3.517975e-03 9.999515e-01 3.982888e-06
3.542925e-03 9.999360e-01 5.390674e-06
3.567875e-03 9.999159e-01 7.259388e-06
3.592825e-03 9.998900e-01 9.726962e-06
3.617775e-03 9.998570e-01 1.296830e-05
3.642725e-03 9.998150e-01 1.720387e-05
3.667675e-03 9.997620e-01 2.270991e-05
3.692625e-03 9.996952e-01 2.983044e-05
3.717575e-03 9.996116e-01 3.899133e-05
3.742525e-03 9.995076e-01 5.071658e-05
3.767475e-03 9.993787e-01 6.564697e-05
3.792425e-03 9.992201e-01 8.456138e-05
3.817375e-03 9.990257e-01 1.084007e-04
3.842325e-03 9.987887e-01 1.382943e-04
3.867275e-03 9.985014e-01 1.755898e-04
3.892225e-03 9.981548e-01 2.218848e-04
3.917175e-03 9.977390e-01 2.790614e-04
3.942125e-03 9.972427e-01 3.493224e-04
3.967075e-03 9.966533e-01 4.352301e-04
3.992025e-03 9.959572e-01 5.397447e-04
4.016975e-03 9.951392e-01 6.662640e-04
4.041925e-03 9.941830e-01 8.186617e-04
4.066875e-03 9.930711e-01 1.001324e-03
4.091825e-03 9.917848e-01 1.219184e-03
4.116775e-03 9.903044e-01 1.477749e-03
4.141725e-03 9.886096e-01 1.783123e-03
4.166675e-03 9.866794e-01 2.142025e-03
4.191625e-03 9.844926e-01 2.561788e-03
4.216575e-03 9.820279e-01 3.050360e-03
4.241525e-03 9.792644e-01 3.616278e-03
4.266475e-03 9.761823e-01 4.268639e-03
4.291425e-03 9.727626e-01 5.017051e-03
4.316375e-03 9.689884e-01 5.871561e-03
4.341325e-03 9.648447e-01 6.842578e-03
4.366275e-03 9.603195e-01 7.940767e-03
4.391225e-03 9.554038e-01 9.176928e-03
4.416175e-03 9.500922e-01 1.056186e-02
4.441125e-03 9.443836e-01 1.210622e-02
4.466075e-03 9.382813e-01 1.382033e-02
4.491025e-03 9.317935e-01 1.571402e-02
4.515975e-03 9.249334e-01 1.779643e-02
4.540925e-03 9.177194e-01 2.007582e-02
4.565875e-03 9.101756e-01 2.255939e-02
4.590825e-03 9.023310e-01 2.525306e-02
4.615775e-03 8.942200e-01 2.816131e-02
4.640725e-03 8.858819e-01 3.128701e-02
4.665675e-03 8.773604e-01 3.463126e-02
4.690625e-03 8.687033e-01 3.819326e-02
4.715575e-03 8.599618e-01 4.197020e-02
4.740525e-03 8.511899e-01 4.595720e-02
4.765475e-03 8.424436e-01 5.014726e-02
4.790425e-03 8.337798e-01 5.453126e-02
4.815375e-03 8.252559e-01 5.909798e-02
4.840325e-03 8.169286e-01 6.383418e-02
4.865275e-03 8.088527e-01 6.872472e-02
4.890225e-03 8.010810e-01 7.375268e-02
4.915175e-03 7.936627e-01 7.889954e-02
4.940125e-03 7.866429e-01 8.414543e-02
4.965075e-03 7.800619e-01 8.946931e-02
4.990025e-03 7.739546e-01 9.484927e-02
5.014975e-03 7.683501e-01 1.002628e-01
5.039925e-03 7.632710e-01 1.056870e-01
5.064875e-03 7.587335e-01 1.110990e-01
5.089825e-03 7.547471e-01 1.164761e-01
5.114775e-03 7.513149e-01 1.217964e-01
5.139725e-03 7.484333e-01 1.270385e-01
5.164675e-03 7.460928e-01 1.321822e-01
5.189625e-03 7.442779e-01 1.372085e-01
5.214575e-03 7.429680e-01 1.421000e-01
5.239525e-03 7.421377e-01 1.468409e-01
5.264475e-03 7.417576e-01 1.514171e-01
5.289425e-03 7.417948e-01 1.558165e-01
5.314375e-03 7.422140e-01 1.600290e-01
5.339325e-03 7.429775e-01 1.640463e-01
5.364275e-03 7.440468e-01 1.678623e-01
5.389225e-03 7.453825e-01 1.714726e-01
5.414175e-03 7.469455e-01 1.748749e-01
5.439125e-03 7.486972e-01 1.780686e-01
5.464075e-03 7.506003e-01 1.810547e-01
5.489025e-03 7.526193e-01 1.838360e-01
5.513975e-03 7.547206e-01 1.864165e-01
5.538925e-03 7.568732e-01 1.888014e-01
5.563875e-03 7.590485e-01 1.909973e-01
5.588825e-03 7.612210e-01 1.930113e-01
5.613775e-03 7.633679e-01 1.948517e-01
5.638725e-03 7.654696e-01 1.965270e-01
5.663675e-03 7.675092e-01 1.980464e-01
5.688625e-03 7.694729e-01 1.994192e-01
5.713575e-03 7.713495e-01 2.006551e-01
5.738525e-03 7.731303e-01 2.017636e-01
5.763475e-03 7.748092e-01 2.027542e-01
5.788425e-03 7.763821e-01 2.036363e-01
5.813375e-03 7.778470e-01 2.044189e-01
5.838325e-03 7.792034e-01 2.051108e-01
5.863275e-03 7.804527e-01 2.057204e-01
5.888225e-03 7.815972e-01 2.062554e-01
5.913175e-03 7.826402e-01 2.067235e-01
5.938125e-03 7.835862e-01 2.071315e-01
5.963075e-03 7.844400e-01 2.074859e-01
5.988025e-03 7.852071e-01 2.077928e-01
6.012975e-03 7.858930e-01 2.080576e-01
6.037925e-03 7.865037e-01 2.082853e-01
6.062875e-03 7.870450e-01 2.084805e-01
6.087825e-03 7.875229e-01 2.086472e-01
6.112775e-03 7.879429e-01 2.087891e-01
6.137725e-03 7.883107e-01 2.089095e-01
6.162675e-03 7.886313e-01 2.090114e-01
6.187625e-03 7.889098e-01 2.090974e-01
6.212575e-03 7.891507e-01 2.091696e-01
6.237525e-03 7.893584e-01 2.092301e-01
6.262475e-03 7.895368e-01 2.092807e-01
6.287425e-03 7.896894e-01 2.093227e-01
6.312375e-03 7.898195e-01 2.093577e-01
6.337325e-03 7.899301e-01 2.093866e-01
6.362275e-03 7.900236e-01 2.094105e-01
6.387225e-03 7.901026e-01 2.094301e-01
6.412175e-03 7.901690e-01 2.094462e-01
6.437125e-03 7.902246e-01 2.094594e-01
6.462075e-03 7.902711e-01 2.094702e-01
6.487025e-03 7.903098e-01 2.094789e-01
6.511975e-03 7.903419e-01 2.094860e-01
6.536925e-03 7.903685e-01 2.094918e-01
6.561875e-03 7.903905e-01 2.094964e-01
6.586825e-03 7.904085e-01 2.095001e-01
6.611775e-03 7.904233e-01 2.095031e-01
6.636725e-03 7.904354e-01 2.095055e-01
6.661675e-03 7.904452e-01 2.095074e-01
6.686625e-03 7.904532e-01 2.095089e-01
6.711575e-03 7.904597e-01 2.095101e-01
6.736525e-03 7.904650e-01 2.095111e-01
6.761475e-03 7.904692e-01 2.095118e-01
6.786425e-03 7.904726e-01 2.095124e-01
6.811375e-03 7.904753e-01 2.095129e-01
6.836325e-03 7.904775e-01 2.095133e-01
6.861275e-03 7.904792e-01 2.095136e-01
6.886225e-03 7.904806e-01 2.095138e-01
6.911175e-03 7.904817e-01 2.095139e-01
6.936125e-03 7.904826e-01 2.095141e-01
6.961075e-03 7.904833e-01 2.095142e-01
6.986025e-03 7.904838e-01 2.095143e-01
7.010975e-03 7.904842e-01 2.095143e-01
7.035925e-03 7.904846e-01 2.095144e-01
7.060875e-03 7.904848e-01 2.095144e-01
7.085825e-03 7.904850e-01 2.095144e-01
7.110775e-03 7.904852e-01 2.095145e-01
7.135725e-03 7.904853e-01 2.095145e-01
7.160675e-03 7.904854e-01 2.095145e-01
7.185625e-03 7.904855e-01 2.095145e-01
7.210575e-03 7.904855e-01 2.095145e-01
7.235525e-03 7.904856e-01 2.095145e-01
7.260475e-03 7.904856e-01 2.095145e-01
7.285425e-03 7.904856e-01 2.095145e-01
7.310375e-03 7.904857e-01 2.095145e-01
7.335325e-03 7.904857e-01 2.095145e-01
7.360275e-03 7.904857e-01 2.095145e-01
7.385225e-03 7.904857e-01 2.095145e-01
7.410175e-03 7.904857e-01 2.095145e-01
7.435125e-03 7.904857e-01 2.095145e-01
7.460075e-03 7.904857e-01 2.095145e-01
7.485025e-03 7.904857e-01 2.095145e-01
7.509975e-03 7.904857e-01 2.095145e-01
7.534925e-03 7.904857e-01 2.095145e-01
7.559875e-03 7.904857e-01 2.095145e-01
7.584825e-03 7.904857e-01 2.095145e-01
7.609775e-03 7.904857e-01 2.095145e-01
7.634725e-03 7.904857e-01 2.095145e-01
7.659675e-03 7.904857e-01 2.095145e-01
7.684625e-03 7.904857e-01 2.095145e-01
7.709575e-03 7.904857e-01 2.095145e-01
7.734525e-03 7.904857e-01 2.095145e-01
7.759475e-03 7.904857e-01 2.095145e-01
7.784425e-03 7.904857e-01 2.095145e-01
7.809375e-03 7.904857e-01 2.095145e-01
7.834325e-03 7.904857e-01 2.095145e-01
7.859275e-03 7.904857e-01 2.095145e-01
7.884225e-03 7.904857e-01 2.095145e-01
7.909175e-03 7.904857e-01 2.095145e-01
7.934125e-03 7.904857e-01 2.095145e-01
7.959075e-03 7.904857e-01 2.095145e-01
7.984025e-03 7.904857e-01 2.095145e-01
8.008975e-03 7.904857e-01 2.095145e-01
8.033925e-03 7.904857e-01 2.095145e-01
8.058875e-03 7.904857e-01 2.095145e-01
8.083825e-03 7.904857e-01 2.095145e-01
8.108775e-03 7.904857e-01 2.095145e-01
8.133725e-03 7.904857e-01 2.095145e-01
8.158675e-03 7.904857e-01 2.095145e-01
8.183625e-03 7.904857e-01 2.095145e-01
8.208575e-03 7.904857e-01 2.095145e-01
8.233525e-03 7.904857e-01 2.095145e-01
8.258475e-03 7.904857e-01 2.095145e-01
8.283425e-03 7.904857e-01 2.095145e-01
8.308375e-03 7.904857e-01 2.095145e-01
8.333325e-03 7.904857e-01 2.095145e-01
8.358275e-03 7.904857e-01 2.095145e-01
8.383225e-03 7.904857e-01 2.095145e-01
8.408175e-03 7.904857e-01 2.095145e-01
8.433125e-03 7.904857e-01 2.095145e-01
8.458075e-03 7.904857e-01 2.095145e-01
8.483025e-03 7.904857e-01 2.095145e-01
8.507975e-03 7.904857e-01 2.095145e-01
8.532925e-03 7.904857e-01 2.095145e-01
8.557875e-03 7.904857e-01 2.095145e-01
8.582825e-03 7.904857e-01 2.095145e-01
8.607775e-03 7.904857e-01 2.095145e-01
8.632725e-03 7.904857e-01 2.095145e-01
8.657675e-03 7.904857e-01 2.095145e-01
8.682625e-03 7.904857e-01 2.095145e-01
8.707575e-03 7.904857e-01 2.095145e-01
8.732525e-03 7.904857e-01 2.095145e-01
8.757475e-03 7.904857e-01 2.095145e-01
8.782425e-03 7.904857e-01 2.095145e-01
8.807375e-03 7.904857e-01 2.095145e-01
8.832325e-03 7.904857e-01 2.095145e-01
8.857275e-03 7.904857e-01 2.095145e-01
8.882225e-03 7.904857e-01 2.095145e-01
8.907175e-03 7.904857e-01 2.095145e-01
8.932125e-03 7.904857e-01 2.095145e-01
8.957075e-03 7.904857e-01 2.095145e-01
8.982025e-03 7.904857e-01 2.095145e-01
9.006975e-03 7.904857e-01 2.095145e-01
9.031925e-03 7.904857e-01 2.095145e-01
9.056875e-03 7.904857e-01 2.095145e-01
9.081825e-03 7.904857e-01 2.095145e-01
9.106775e-03 7.904857e-01 2.095145e-01
9.131725e-03 7.904857e-01 2.095145e-01
9.156675e-03 7.904857e-01 2.095145e-01
9.181625e-03 7.904857e-01 2.095145e-01
9.206575e-03 7.904857e-01 2.095145e-01
9.231525e-03 7.904857e-01 2.095145e-01
9.256475e-03 7.904857e-01 2.095145e-01
9.281425e-03 7.904857e-01 2.095145e-01
9.306375e-03 7.904857e-01 2.095145e-01
9.331325e-03 7.904857e-01 2.095145e-01
9.356275e-03 7.904857e-01 2.095145e-01
9.381225e-03 7.904857e-01 2.095145e-01
9.406175e-03 7.904857e-01 2.095145e-01
9.431125e-03 7.904857e-01 2.095145e-01
9.456075e-03 7.904857e-01 2.095145e-01
9.481025e-03 7.904857e-01 2.095145e-01
9.505975e-03 7.904857e-01 2.095145e-01
9.530925e-03 7.904857e-01 2.095145e-01
9.555875e-03 7.904857e-01 2.095145e-01
9.580825e-03 7.904857e-01 2.095145e-01
9.605775e-03 7.904857e-01 2.095145e-01
9.630725e-03 7.904857e-01 2.095145e-01
9.655675e-03 7.904857e-01 2.095145e-01
9.680625e-03 7.904857e-01 2.095145e-01
9.705575e-03 7.904857e-01 2.095145e-01
9.730525e-03 7.904857e-01 2.095145e-01
9.755475e-03 7.904857e-01 2.095145e-01
9.780425e-03 7.904857e-01 2.095145e-01
9.805375e-03 7.904857e-01 2.095145e-01
9.830325e-03 7.904857e-01 2.095145e-01
9.855275e-03 7.904857e-01 2.095145e-01
9.880225e-03 7.904857e-01 2.095145e-01
9.905175e-03 7.904857e-01 2.095145e-01
9.930125e-03 7.904857e-01 2.095145e-01
9.955075e-03 7.904857e-01 2.095145e-01
9.980025e-03 7.904857e-01 2.095145e-01
1.000497e-02 7.904857e-01 2.095145e-01
1.002992e-02 7.904857e-01 2.095145e-01
1.005487e-02 7.904857e-01 2.095145e-01
1.007982e-02 7.904857e-01 2.095145e-01
1.010477e-02 7.904857e-01 2.095145e-01
1.012972e-02 7.904857e-01 2.095145e-01
1.015467e-02 7.904857e-01 2.095145e-01
1.017962e-02 7.904857e-01 2.095145e-01
1.020457e-02 7.904857e-01 2.095145e-01
1.022952e-02 7.904857e-01 2.095145e-01
1.025447e-02 7.904857e-01 2.095145e-01
1.027942e-02 7.904857e-01 2.095145e-01
1.030437e-02 7.904857e-01 2.095145e-01
1.032932e-02 7.904857e-01 2.095145e-01
1.035427e-02 7.904857e-01 2.095145e-01
1.037922e-02 7.904857e-01 2.095145e-01
1.040417e-02 7.904857e-01 2.095145e-01
1.042912e-02 7.904857e-01 2.095145e-01
1.045407e-02 7.904857e-01 2.095145e-01
1.047902e-02 7.904857e-01 2.095145e-01
1.050397e-02 7.904857e-01 2.095145e-01
1.052892e-02 7.904857e-01 2.095145e-01
1.055387e-02 7.904857e-01 2.095145e-01
1.057882e-02 7.904857e-01 2.095145e-01
1.060377e-02 7.904857e-01 2.095145e-01
1.062872e-02 7.904857e-01 2.095145e-01
1.065367e-02 7.904857e-01 2.095145e-01
1.067862e-02 7.904857e-01 2.095145e-01
1.070357e-02 7.904857e-01 2.095145e-01
1.072852e-02 7.904857e-01 2.095145e-01
1.075347e-02 7.904857e-01 2.095145e-01
1.077842e-02 7.904857e-01 2.095145e-01
1.080337e-02 7.904857e-01 2.095145e-01
1.082832e-02 7.904857e-01 2.095145e-01
1.085327e-02 7.904857e-01 2.095145e-01
1.087822e-02 7.904857e-01 2.095145e-01
1.090317e-02 7.904857e-01 2.095145e-01
1.092812e-02 7.904857e-01 2.095145e-01
1.095307e-02 7.904857e-01 2.095145e-01
1.097802e-02 7.904857e-01 2.095145e-01
1.100297e-02 7.904857e-01 2.095145e-01
1.102792e-02 7.904857e-01 2.095145e-01
1.105287e-02 7.904857e-01 2.095145e-01
1.107782e-02 7.904857e-01 2.095145e-01
1.110277e-02 7.904857e-01 2.095145e-01
1.112772e-02 7.904857e-01 2.095145e-01
1.115267e-02 7.904857e-01 2.095145e-01
1.117762e-02 7.904857e-01 2.095145e-01
1.120257e-02 7.904857e-01 2.095145e-01
1.122752e-02 7.904857e-01 2.095145e-01
1.125247e-02 7.904857e-01 2.095145e-01
1.127742e-02 7.904857e-01 2.095145e-01
1.130237e-02 7.904857e-01 2.095145e-01
1.132732e-02 7.904857e-01 2.095145e-01
1.135227e-02 7.904857e-01 2.095145e-01
1.137722e-02 7.904857e-01 2.095145e-01
1.140217e-02 7.904857e-01 2.095145e-01
1.142712e-02 7.904857e-01 2.095145e-01
1.145207e-02 7.904857e-01 2.095145e-01
1.147702e-02 7.904857e-01 2.095145e-01
1.150197e-02 7.904857e-01 2.095145e-01
1.152692e-02 7.904857e-01 2.095145e-01
1.155187e-02 7.904857e-01 2.095145e-01
1.157682e-02 7.904857e-01 2.095145e-01
1.160177e-02 7.904857e-01 2.095145e-01
1.162672e-02 7.904857e-01 2.095145e-01
1.165167e-02 7.904857e-01 2.095145e-01
1.167662e-02 7.904857e-01 2.095145e-01
1.170157e-02 7.904857e-01 2.095145e-01
1.172652e-02 7.904857e-01 2.095145e-01
1.175147e-02 7.904857e-01 2.095145e-01
1.177642e-02 7.904857e-01 2.095145e-01
1.180137e-02 7.904857e-01 2.095145e-01
1.182632e-02 7.904857e-01 2.095145e-01
1.185127e-02 7.904857e-01 2.095145e-01
1.187622e-02 7.904857e-01 2.095145e-01
1.190117e-02 7.904857e-01 2.095145e-01
1.192612e-02 7.904857e-01 2.095145e-01
1.195107e-02 7.904857e-01 2.095145e-01
1.197602e-02 7.904857e-01 2.095145e-01
1.200097e-02 7.904857e-01 2.095145e-01
1.202592e-02 7.904857e-01 2.095145e-01
1.205087e-02 7.904857e-01 2.095145e-01
1.207582e-02 7.904857e-01 2.095145e-01
1.210077e-02 7.904857e-01 2.095145e-01
1.212572e-02 7.904857e-01 2.095145e-01
1.215067e-02 7.904857e-01 2.095145e-01
1.217562e-02 7.904857e-01 2.095145e-01
1.220057e-02 7.904857e-01 2.095145e-01
1.222552e-02 7.904857e-01 2.095145e-01
