t    R    T
2.500000e-08 1.000003e+00 1.362231e-46
2.497500e-05 1.000003e+00 8.719766e-46
4.992500e-05 1.000003e+00 4.207082e-45
7.487500e-05 1.000003e+00 1.756163e-44
9.982500e-05 1.000003e+00 8.935441e-44
1.247750e-04 1.000003e+00 1.355501e-42
1.497250e-04 1.000003e+00 1.027073e-38
1.746750e-04 1.000003e+00 3.153599e-35
1.996250e-04 1.000003e+00 1.723288e-32
2.245750e-04 1.000003e+00 1.146017e-30
2.495250e-04 1.000003e+00 2.008794e-29
2.744750e-04 1.000003e+00 1.292567e-28
2.994250e-04 1.000003e+00 2.794359e-28
3.243750e-04 1.000003e+00 4.052720e-28
3.493250e-04 1.000003e+00 5.049262e-28
3.742750e-04 1.000003e+00 6.350477e-28
3.992250e-04 1.000003e+00 7.369552e-28
4.241750e-04 1.000003e+00 7.970087e-28
4.491250e-04 1.000003e+00 8.285676e-28
4.740750e-04 1.000003e+00 8.729752e-28
4.990250e-04 1.000003e+00 9.583554e-28
5.239750e-04 1.000003e+00 1.103885e-27
5.489250e-04 1.000003e+00 1.300695e-27
5.738750e-04 1.000003e+00 1.481884e-27
5.988250e-04 1.000003e+00 1.659814e-27
6.237750e-04 1.000003e+00 1.860634e-27
6.487250e-04 1.000003e+00 2.162615e-27
6.736750e-04 1.000003e+00 2.860407e-27
6.986250e-04 1.000003e+00 4.936200e-27
7.235750e-04 1.000003e+00 1.289605e-26
7.485250e-04 1.000003e+00 4.315743e-26
7.734750e-04 1.000003e+00 1.594951e-25
7.984250e-04 1.000003e+00 5.989909e-25
8.233750e-04 1.000003e+00 2.232026e-24
8.483250e-04 1.000003e+00 8.205151e-24
8.732750e-04 1.000003e+00 2.968936e-23
8.982250e-04 1.000003e+00 1.057374e-22
9.231750e-04 1.000003e+00 3.704308e-22
9.481250e-04 1.000003e+00 1.276950e-21
9.730750e-04 1.000003e+00 4.330365e-21
9.980250e-04 1.000003e+00 1.444738e-20
1.022975e-03 1.000003e+00 4.741932e-20
1.047925e-03 1.000003e+00 1.531117e-19
1.072875e-03 1.000003e+00 4.863568e-19
1.097825e-03 1.000003e+00 1.519776e-18
1.122775e-03 1.000003e+00 4.671819e-18
1.147725e-03 1.000003e+00 1.412753e-17
1.172675e-03 1.000003e+00 4.202621e-17
1.197625e-03 1.000003e+00 1.229829e-16
1.222575e-03 1.000003e+00 3.540287e-16
1.247525e-03 1.000003e+00 1.002538e-15
1.272475e-03 1.000003e+00 2.792748e-15
1.297425e-03 1.000003e+00 7.652996e-15
1.322375e-03 1.000003e+00 2.063011e-14
1.347325e-03 1.000003e+00 5.470706e-14
1.372275e-03 1.000003e+00 1.427118e-13
1.397225e-03 1.000003e+00 3.662299e-13
1.422175e-03 1.000003e+00 9.245478e-13
1.447125e-03 1.000003e+00 2.296101e-12
1.472075e-03 1.000003e+00 5.609757e-12
1.497025e-03 1.000003e+00 1.348324e-11
1.521975e-03 1.000003e+00 3.188223e-11
1.546925e-03 1.000003e+00 7.416763e-11
1.571875e-03 1.000003e+00 1.697460e-10
1.596825e-03 1.000003e+00 3.822200e-10
1.621775e-03 1.000003e+00 8.467696e-10
1.646725e-03 1.000003e+00 1.845720e-09
1.671675e-03 1.000003e+00 3.958459e-09
1.696625e-03 1.000003e+00 8.353307e-09
1.721575e-03 1.000003e+00 1.734505e-08
1.746525e-03 1.000002e+00 3.543981e-08
1.771475e-03 1.000002e+00 7.125585e-08
1.796425e-03 1.000002e+00 1.409868e-07
1.821375e-03 1.000001e+00 2.745249e-07
1.846325e-03 9.999999e-01 5.260752e-07
1.871275e-03 9.999977e-01 9.921908e-07
1.896225e-03 9.999938e-01 1.841804e-06
1.921175e-03 9.999872e-01 3.365215e-06
1.946125e-03 9.999760e-01 6.052366e-06
1.971075e-03 9.999573e-01 1.071528e-05
1.996025e-03 9.999267e-01 1.867548e-05
2.020975e-03 9.998776e-01 3.204462e-05
2.045925e-03 9.997996e-01 5.413529e-05
2.070875e-03 9.996781e-01 9.004836e-05
2.095825e-03 9.994918e-01 1.474928e-04
2.120775e-03 9.992106e-01 2.379010e-04
2.145725e-03 9.987930e-01 3.779074e-04
2.170675e-03 9.981828e-01 5.912519e-04
2.195625e-03 9.973053e-01 9.111589e-04
2.220575e-03 9.960636e-01 1.383212e-03
2.245525e-03 9.943341e-01 2.068695e-03
2.270475e-03 9.919636e-01 3.048321e-03
2.295425e-03 9.887656e-01 4.426154e-03
2.320375e-03 9.845194e-01 6.333470e-03
2.345325e-03 9.789696e-01 8.932174e-03
2.370275e-03 9.718299e-01 1.241728e-02
2.395225e-03 9.627883e-01 1.701794e-02
2.420175e-03 9.515166e-01 2.299636e-02
2.445125e-03 9.376829e-01 3.064412e-02
2.470075e-03 9.209682e-01 4.027540e-02
2.495025e-03 9.010844e-01 5.221678e-02
2.519975e-03 8.777952e-01 6.679374e-02
2.544925e-03 8.509363e-01 8.431404e-02
2.569875e-03 8.204352e-01 1.050488e-01
2.594825e-03 7.863266e-01 1.292125e-01
2.619775e-03 7.487647e-01 1.569426e-01
2.644725e-03 7.080275e-01 1.882819e-01
2.669675e-03 6.645148e-01 2.231637e-01
2.694625e-03 6.187383e-01 2.614023e-01
2.719575e-03 5.713041e-01 3.026902e-01
2.744525e-03 5.228883e-01 3.466024e-01
2.769475e-03 4.742084e-01 3.926081e-01
2.794425e-03 4.259913e-01 4.400900e-01
2.819375e-03 3.789407e-01 4.883689e-01
2.844325e-03 3.337069e-01 5.367333e-01
2.869275e-03 2.908602e-01 5.844706e-01
2.894225e-03 2.508702e-01 6.308986e-01
2.919175e-03 2.140923e-01 6.753942e-01
2.944125e-03 1.807614e-01 7.174181e-01
2.969075e-03 1.509931e-01 7.565331e-01
2.994025e-03 1.247913e-01 7.924157e-01
3.018975e-03 1.020614e-01 8.248607e-01
3.043925e-03 8.262661e-02 8.537783e-01
3.068875e-03 6.624719e-02 8.791851e-01
3.093825e-03 5.263981e-02 9.011914e-01
3.118775e-03 4.149608e-02 9.199834e-01
3.143725e-03 3.249929e-02 9.358056e-01
3.168675e-03 2.533841e-02 9.489410e-01
3.193625e-03 1.971904e-02 9.596944e-01
3.218575e-03 1.537122e-02 9.683759e-01
3.243525e-03 1.205429e-02 9.752881e-01
3.268475e-03 9.559095e-03 9.807163e-01
3.293425e-03 7.708171e-03 9.849210e-01
3.318375e-03 6.354200e-03 9.881337e-01
3.343325e-03 5.377454e-03 9.905553e-01
3.368275e-03 4.682556e-03 9.923562e-01
3.393225e-03 4.194983e-03 9.936775e-01
3.418175e-03 3.857577e-03 9.946341e-01
3.443125e-03 3.627291e-03 9.953175e-01
3.468075e-03 3.472269e-03 9.957994e-01
3.493025e-03 3.369340e-03 9.961346e-01
3.517975e-03 3.301934e-03 9.963648e-01
3.542925e-03 3.258393e-03 9.965209e-01
3.567875e-03 3.230654e-03 9.966254e-01
3.592825e-03 3.213223e-03 9.966943e-01
3.617775e-03 3.202420e-03 9.967393e-01
3.642725e-03 3.195817e-03 9.967683e-01
3.667675e-03 3.191836e-03 9.967868e-01
3.692625e-03 3.189470e-03 9.967983e-01
3.717575e-03 3.188083e-03 9.968055e-01
3.742525e-03 3.187282e-03 9.968099e-01
3.767475e-03 3.186825e-03 9.968126e-01
3.792425e-03 3.186569e-03 9.968142e-01
3.817375e-03 3.186427e-03 9.968151e-01
3.842325e-03 3.186350e-03 9.968156e-01
3.867275e-03 3.186308e-03 9.968160e-01
3.892225e-03 3.186286e-03 9.968161e-01
3.917175e-03 3.186275e-03 9.968162e-01
3.942125e-03 3.186269e-03 9.968163e-01
3.967075e-03 3.186266e-03 9.968163e-01
3.992025e-03 3.186265e-03 9.968163e-01
4.016975e-03 3.186264e-03 9.968164e-01
4.041925e-03 3.186264e-03 9.968164e-01
4.066875e-03 3.186263e-03 9.968164e-01
4.091825e-03 3.186263e-03 9.968164e-01
4.116775e-03 3.186263e-03 9.968164e-01
4.141725e-03 3.186263e-03 9.968164e-01
4.166675e-03 3.186263e-03 9.968164e-01
4.191625e-03 3.186263e-03 9.968164e-01
4.216575e-03 3.186263e-03 9.968164e-01
4.241525e-03 3.186263e-03 9.968164e-01
4.266475e-03 3.186263e-03 9.968164e-01
4.291425e-03 3.186263e-03 9.968164e-01
4.316375e-03 3.186263e-03 9.968164e-01
4.341325e-03 3.186263e-03 9.968164e-01
4.366275e-03 3.186263e-03 9.968164e-01
4.391225e-03 3.186263e-03 9.968164e-01
4.416175e-03 3.186263e-03 9.968164e-01
4.441125e-03 3.186263e-03 9.968164e-01
4.466075e-03 3.186263e-03 9.968164e-01
4.491025e-03 3.186263e-03 9.968164e-01
4.515975e-03 3.186263e-03 9.968164e-01
4.540925e-03 3.186263e-03 9.968164e-01
4.565875e-03 3.186263e-03 9.968164e-01
4.590825e-03 3.186263e-03 9.968164e-01
4.615775e-03 3.186263e-03 9.968164e-01
4.640725e-03 3.186263e-03 9.968164e-01
4.665675e-03 3.186263e-03 9.968164e-01
4.690625e-03 3.186263e-03 9.968164e-01
4.715575e-03 3.186263e-03 9.968164e-01
4.740525e-03 3.186263e-03 9.968164e-01
4.765475e-03 3.186263e-03 9.968164e-01
4.790425e-03 3.186263e-03 9.968164e-01
4.815375e-03 3.186263e-03 9.968164e-01
4.840325e-03 3.186263e-03 9.968164e-01
4.865275e-03 3.186263e-03 9.968164e-01
4.890225e-03 3.186263e-03 9.968164e-01
4.915175e-03 3.186263e-03 9.968164e-01
4.940125e-03 3.186263e-03 9.968164e-01
4.965075e-03 3.186263e-03 9.968164e-01
4.990025e-03 3.186263e-03 9.968164e-01
5.014975e-03 3.186263e-03 9.968164e-01
5.039925e-03 3.186263e-03 9.968164e-01
5.064875e-03 3.186263e-03 9.968164e-01
5.089825e-03 3.186263e-03 9.968164e-01
5.114775e-03 3.186263e-03 9.968164e-01
5.139725e-03 3.186263e-03 9.968164e-01
5.164675e-03 3.186263e-03 9.968164e-01
5.189625e-03 3.186263e-03 9.968164e-01
5.214575e-03 3.186263e-03 9.968164e-01
5.239525e-03 3.186263e-03 9.968164e-01
5.264475e-03 3.186263e-03 9.968164e-01
5.289425e-03 3.186263e-03 9.968164e-01
5.314375e-03 3.186263e-03 9.968164e-01
5.339325e-03 3.186263e-03 9.968164e-01
5.364275e-03 3.186263e-03 9.968164e-01
5.389225e-03 3.186263e-03 9.968164e-01
5.414175e-03 3.186263e-03 9.968164e-01
5.439125e-03 3.186263e-03 9.968164e-01
5.464075e-03 3.186263e-03 9.968164e-01
5.489025e-03 3.186263e-03 9.968164e-01
5.513975e-03 3.186263e-03 9.968164e-01
5.538925e-03 3.186263e-03 9.968164e-01
5.563875e-03 3.186263e-03 9.968164e-01
5.588825e-03 3.186263e-03 9.968164e-01
5.613775e-03 3.186263e-03 9.968164e-01
5.638725e-03 3.186263e-03 9.968164e-01
5.663675e-03 3.186263e-03 9.968164e-01
5.688625e-03 3.186263e-03 9.968164e-01
5.713575e-03 3.186263e-03 9.968164e-01
5.738525e-03 3.186263e-03 9.968164e-01
5.763475e-03 3.186263e-03 9.968164e-01
5.788425e-03 3.186263e-03 9.968164e-01
5.813375e-03 3.186263e-03 9.968164e-01
5.838325e-03 3.186263e-03 9.968164e-01
5.863275e-03 3.186263e-03 9.968164e-01
5.888225e-03 3.186263e-03 9.968164e-01
5.913175e-03 3.186263e-03 9.968164e-01
5.938125e-03 3.186263e-03 9.968164e-01
5.963075e-03 3.186263e-03 9.968164e-01
5.988025e-03 3.186263e-03 9.968164e-01
6.012975e-03 3.186263e-03 9.968164e-01
6.037925e-03 3.186263e-03 9.968164e-01
6.062875e-03 3.186263e-03 9.968164e-01
6.087825e-03 3.186263e-03 9.968164e-01
6.112775e-03 3.186263e-03 9.968164e-01
6.137725e-03 3.186263e-03 9.968164e-01
6.162675e-03 3.186263e-03 9.968164e-01
6.187625e-03 3.186263e-03 9.968164e-01
6.212575e-03 3.186263e-03 9.968164e-01
6.237525e-03 3.186263e-03 9.968164e-01
6.262475e-03 3.186263e-03 9.968164e-01
6.287425e-03 3.186263e-03 9.968164e-01
6.312375e-03 3.186263e-03 9.968164e-01
6.337325e-03 3.186263e-03 9.968164e-01
6.362275e-03 3.186263e-03 9.968164e-01
6.387225e-03 3.186263e-03 9.968164e-01
6.412175e-03 3.186263e-03 9.968164e-01
6.437125e-03 3.186263e-03 9.968164e-01
6.462075e-03 3.186263e-03 9.968164e-01
6.487025e-03 3.186263e-03 9.968164e-01
6.511975e-03 3.186263e-03 9.968164e-01
6.536925e-03 3.186263e-03 9.968164e-01
6.561875e-03 3.186263e-03 9.968164e-01
6.586825e-03 3.186263e-03 9.968164e-01
6.611775e-03 3.186263e-03 9.968164e-01
6.636725e-03 3.186263e-03 9.968164e-01
6.661675e-03 3.186263e-03 9.968164e-01
6.686625e-03 3.186263e-03 9.968164e-01
6.711575e-03 3.186263e-03 9.968164e-01
6.736525e-03 3.186263e-03 9.968164e-01
6.761475e-03 3.186263e-03 9.968164e-01
6.786425e-03 3.186263e-03 9.968164e-01
6.811375e-03 3.186263e-03 9.968164e-01
6.836325e-03 3.186263e-03 9.968164e-01
6.861275e-03 3.186263e-03 9.968164e-01
6.886225e-03 3.186263e-03 9.968164e-01
6.911175e-03 3.186263e-03 9.968164e-01
6.936125e-03 3.186263e-03 9.968164e-01
6.961075e-03 3.186263e-03 9.968164e-01
6.986025e-03 3.186263e-03 9.968164e-01
7.010975e-03 3.186263e-03 9.968164e-01
7.035925e-03 3.186263e-03 9.968164e-01
7.060875e-03 3.186263e-03 9.968164e-01
7.085825e-03 3.186263e-03 9.968164e-01
7.110775e-03 3.186263e-03 9.968164e-01
7.135725e-03 3.186263e-03 9.968164e-01
7.160675e-03 3.186263e-03 9.968164e-01
7.185625e-03 3.186263e-03 9.968164e-01
7.210575e-03 3.186263e-03 9.968164e-01
7.235525e-03 3.186263e-03 9.968164e-01
7.260475e-03 3.186263e-03 9.968164e-01
7.285425e-03 3.186263e-03 9.968164e-01
7.310375e-03 3.186263e-03 9.968164e-01
7.335325e-03 3.186263e-03 9.968164e-01
7.360275e-03 3.186263e-03 9.968164e-01
7.385225e-03 3.186263e-03 9.968164e-01
7.410175e-03 3.186263e-03 9.968164e-01
7.435125e-03 3.186263e-03 9.968164e-01
7.460075e-03 3.186263e-03 9.968164e-01
7.485025e-03 3.186263e-03 9.968164e-01
7.509975e-03 3.186263e-03 9.968164e-01
7.534925e-03 3.186263e-03 9.968164e-01
7.559875e-03 3.186263e-03 9.968164e-01
7.584825e-03 3.186263e-03 9.968164e-01
7.609775e-03 3.186263e-03 9.968164e-01
7.634725e-03 3.186263e-03 9.968164e-01
7.659675e-03 3.186263e-03 9.968164e-01
7.684625e-03 3.186263e-03 9.968164e-01
7.709575e-03 3.186263e-03 9.968164e-01
7.734525e-03 3.186263e-03 9.968164e-01
7.759475e-03 3.186263e-03 9.968164e-01
7.784425e-03 3.186263e-03 9.968164e-01
7.809375e-03 3.186263e-03 9.968164e-01
7.834325e-03 3.186263e-03 9.968164e-01
7.859275e-03 3.186263e-03 9.968164e-01
7.884225e-03 3.186263e-03 9.968164e-01
7.909175e-03 3.186263e-03 9.968164e-01
7.934125e-03 3.186263e-03 9.968164e-01
7.959075e-03 3.186263e-03 9.968164e-01
7.984025e-03 3.186263e-03 9.968164e-01
8.008975e-03 3.186263e-03 9.968164e-01
8.033925e-03 3.186263e-03 9.968164e-01
8.058875e-03 3.186263e-03 9.968164e-01
8.083825e-03 3.186263e-03 9.968164e-01
8.108775e-03 3.186263e-03 9.968164e-01
8.133725e-03 3.186263e-03 9.968164e-01
8.158675e-03 3.186263e-03 9.968164e-01
8.183625e-03 3.186263e-03 9.968164e-01
8.208575e-03 3.186263e-03 9.968164e-01
8.233525e-03 3.186263e-03 9.968164e-01
8.258475e-03 3.186263e-03 9.968164e-01
8.283425e-03 3.186263e-03 9.968164e-01
8.308375e-03 3.186263e-03 9.968164e-01
8.333325e-03 3.186263e-03 9.968164e-01
8.358275e-03 3.186263e-03 9.968164e-01
8.383225e-03 3.186263e-03 9.968164e-01
8.408175e-03 3.186263e-03 9.968164e-01
8.433125e-03 3.186263e-03 9.968164e-01
8.458075e-03 3.186263e-03 9.968164e-01
8.483025e-03 3.186263e-03 9.968164e-01
8.507975e-03 3.186263e-03 9.968164e-01
8.532925e-03 3.186263e-03 9.968164e-01
8.557875e-03 3.186263e-03 9.968164e-01
8.582825e-03 3.186263e-03 9.968164e-01
8.607775e-03 3.186263e-03 9.968164e-01
8.632725e-03 3.186263e-03 9.968164e-01
8.657675e-03 3.186263e-03 9.968164e-01
8.682625e-03 3.186263e-03 9.968164e-01
8.707575e-03 3.186263e-03 9.968164e-01
8.732525e-03 3.186263e-03 9.968164e-01
8.757475e-03 3.186263e-03 9.968164e-01
8.782425e-03 3.186263e-03 9.968164e-01
8.807375e-03 3.186263e-03 9.968164e-01
8.832325e-03 3.186263e-03 9.968164e-01
8.857275e-03 3.186263e-03 9.968164e-01
8.882225e-03 3.186263e-03 9.968164e-01
8.907175e-03 3.186263e-03 9.968164e-01
8.932125e-03 3.186263e-03 9.968164e-01
8.957075e-03 3.186263e-03 9.968164e-01
8.982025e-03 3.186263e-03 9.968164e-01
9.006975e-03 3.186263e-03 9.968164e-01
9.031925e-03 3.186263e-03 9.968164e-01
9.056875e-03 3.186263e-03 9.968164e-01
9.081825e-03 3.186263e-03 9.968164e-01
9.106775e-03 3.186263e-03 9.968164e-01
9.131725e-03 3.186263e-03 9.968164e-01
9.156675e-03 3.186263e-03 9.968164e-01
9.181625e-03 3.186263e-03 9.968164e-01
9.206575e-03 3.186263e-03 9.968164e-01
9.231525e-03 3.186263e-03 9.968164e-01
9.256475e-03 3.186263e-03 9.968164e-01
9.281425e-03 3.186263e-03 9.968164e-01
9.306375e-03 3.186263e-03 9.968164e-01
9.331325e-03 3.186263e-03 9.968164e-01
9.356275e-03 3.186263e-03 9.968164e-01
9.381225e-03 3.186263e-03 9.968164e-01
9.406175e-03 3.186263e-03 9.968164e-01
9.431125e-03 3.186263e-03 9.968164e-01
9.456075e-03 3.186263e-03 9.968164e-01
9.481025e-03 3.186263e-03 9.968164e-01
9.505975e-03 3.186263e-03 9.968164e-01
9.530925e-03 3.186263e-03 9.968164e-01
9.555875e-03 3.186263e-03 9.968164e-01
9.580825e-03 3.186263e-03 9.968164e-01
9.605775e-03 3.186263e-03 9.968164e-01
9.630725e-03 3.186263e-03 9.968164e-01
9.655675e-03 3.186263e-03 9.968164e-01
9.680625e-03 3.186263e-03 9.968164e-01
9.705575e-03 3.186263e-03 9.968164e-01
9.730525e-03 3.186263e-03 9.968164e-01
9.755475e-03 3.186263e-03 9.968164e-01
9.780425e-03 3.186263e-03 9.968164e-01
9.805375e-03 3.186263e-03 9.968164e-01
9.830325e-03 3.186263e-03 9.968164e-01
9.855275e-03 3.186263e-03 9.968164e-01
9.880225e-03 3.186263e-03 9.968164e-01
9.905175e-03 3.186263e-03 9.968164e-01
9.930125e-03 3.186263e-03 9.968164e-01
9.955075e-03 3.186263e-03 9.968164e-01
9.980025e-03 3.186263e-03 9.968164e-01
1.000497e-02 3.186263e-03 9.968164e-01
1.002992e-02 3.186263e-03 9.968164e-01
1.005487e-02 3.186263e-03 9.968164e-01
1.007982e-02 3.186263e-03 9.968164e-01
1.010477e-02 3.186263e-03 9.968164e-01
1.012972e-02 3.186263e-03 9.968164e-01
1.015467e-02 3.186263e-03 9.968164e-01
1.017962e-02 3.186263e-03 9.968164e-01
1.020457e-02 3.186263e-03 9.968164e-01
1.022952e-02 3.186263e-03 9.968164e-01
1.025447e-02 3.186263e-03 9.968164e-01
1.027942e-02 3.186263e-03 9.968164e-01
1.030437e-02 3.186263e-03 9.968164e-01
1.032932e-02 3.186263e-03 9.968164e-01
1.035427e-02 3.186263e-03 9.968164e-01
1.037922e-02 3.186263e-03 9.968164e-01
1.040417e-02 3.186263e-03 9.968164e-01
1.042912e-02 3.186263e-03 9.968164e-01
1.045407e-02 3.186263e-03 9.968164e-01
1.047902e-02 3.186263e-03 9.968164e-01
1.050397e-02 3.186263e-03 9.968164e-01
1.052892e-02 3.186263e-03 9.968164e-01
1.055387e-02 3.186263e-03 9.968164e-01
1.057882e-02 3.186263e-03 9.968164e-01
1.060377e-02 3.186263e-03 9.968164e-01
1.062872e-02 3.186263e-03 9.968164e-01
1.065367e-02 3.186263e-03 9.968164e-01
1.067862e-02 3.186263e-03 9.968164e-01
1.070357e-02 3.186263e-03 9.968164e-01
1.072852e-02 3.186263e-03 9.968164e-01
1.075347e-02 3.186263e-03 9.968164e-01
1.077842e-02 3.186263e-03 9.968164e-01
1.080337e-02 3.186263e-03 9.968164e-01
1.082832e-02 3.186263e-03 9.968164e-01
1.085327e-02 3.186263e-03 9.968164e-01
1.087822e-02 3.186263e-03 9.968164e-01
1.090317e-02 3.186263e-03 9.968164e-01
1.092812e-02 3.186263e-03 9.968164e-01
1.095307e-02 3.186263e-03 9.968164e-01
1.097802e-02 3.186263e-03 9.968164e-01
1.100297e-02 3.186263e-03 9.968164e-01
1.102792e-02 3.186263e-03 9.968164e-01
1.105287e-02 3.186263e-03 9.968164e-01
1.107782e-02 3.186263e-03 9.968164e-01
1.110277e-02 3.186263e-03 9.968164e-01
1.112772e-02 3.186263e-03 9.968164e-01
1.115267e-02 3.186263e-03 9.968164e-01
1.117762e-02 3.186263e-03 9.968164e-01
1.120257e-02 3.186263e-03 9.968164e-01
1.122752e-02 3.186263e-03 9.968164e-01
1.125247e-02 3.186263e-03 9.968164e-01
1.127742e-02 3.186263e-03 9.968164e-01
1.130237e-02 3.186263e-03 9.968164e-01
1.132732e-02 3.186263e-03 9.968164e-01
1.135227e-02 3.186263e-03 9.968164e-01
1.137722e-02 3.186263e-03 9.968164e-01
1.140217e-02 3.186263e-03 9.968164e-01
1.142712e-02 3.186263e-03 9.968164e-01
1.145207e-02 3.186263e-03 9.968164e-01
1.147702e-02 3.186263e-03 9.968164e-01
1.150197e-02 3.186263e-03 9.968164e-01
1.152692e-02 3.186263e-03 9.968164e-01
1.155187e-02 3.186263e-03 9.968164e-01
1.157682e-02 3.186263e-03 9.968164e-01
1.160177e-02 3.186263e-03 9.968164e-01
1.162672e-02 3.186263e-03 9.968164e-01
1.165167e-02 3.186263e-03 9.968164e-01
1.167662e-02 3.186263e-03 9.968164e-01
1.170157e-02 3.186263e-03 9.968164e-01
1.172652e-02 3.186263e-03 9.968164e-01
1.175147e-02 3.186263e-03 9.968164e-01
1.177642e-02 3.186263e-03 9.968164e-01
1.180137e-02 3.186263e-03 9.968164e-01
1.182632e-02 3.186263e-03 9.968164e-01
1.185127e-02 3.186263e-03 9.968164e-01
1.187622e-02 3.186263e-03 9.968164e-01
1.190117e-02 3.186263e-03 9.968164e-01
1.192612e-02 3.186263e-03 9.968164e-01
1.195107e-02 3.186263e-03 9.968164e-01
1.197602e-02 3.186263e-03 9.968164e-01
