t    R    T
2.500000e-08 1.000001e+00 1.361473e-46
2.497500e-05 1.000001e+00 5.096181e-46
4.992500e-05 1.000001e+00 1.777337e-45
7.487500e-05 1.000001e+00 3.888739e-45
9.982500e-05 1.000001e+00 8.312557e-45
1.247750e-04 1.000001e+00 5.088983e-43
1.497250e-04 1.000001e+00 5.966063e-39
1.746750e-04 1.000001e+00 1.550524e-35
1.996250e-04 1.000001e+00 5.077154e-33
2.245750e-04 1.000001e+00 7.319910e-31
2.495250e-04 1.000001e+00 1.033127e-29
2.744750e-04 1.000001e+00 5.917163e-29
2.994250e-04 1.000001e+00 1.374124e-28
3.243750e-04 1.000001e+00 1.992710e-28
3.493250e-04 1.000001e+00 2.585046e-28
3.742750e-04 1.000001e+00 3.133516e-28
3.992250e-04 1.000001e+00 3.529187e-28
4.241750e-04 1.000001e+00 3.698576e-28
4.491250e-04 1.000001e+00 3.843006e-28
4.740750e-04 1.000001e+00 4.039582e-28
4.990250e-04 1.000001e+00 4.388821e-28
5.239750e-04 1.000001e+00 4.978933e-28
5.489250e-04 1.000001e+00 5.811011e-28
5.738750e-04 1.000001e+00 6.843948e-28
5.988250e-04 1.000001e+00 7.907625e-28
6.237750e-04 1.000001e+00 8.978402e-28
6.487250e-04 1.000001e+00 9.936594e-28
6.736750e-04 1.000001e+00 1.080298e-27
6.986250e-04 1.000001e+00 1.150555e-27
7.235750e-04 1.000001e+00 1.200318e-27
7.485250e-04 1.000001e+00 1.230545e-27
7.734750e-04 1.000001e+00 1.249559e-27
7.984250e-04 1.000001e+00 1.262158e-27
8.233750e-04 1.000001e+00 1.270058e-27
8.483250e-04 1.000001e+00 1.276027e-27
8.732750e-04 1.000001e+00 1.284974e-27
8.982250e-04 1.000001e+00 1.303228e-27
9.231750e-04 1.000001e+00 1.345864e-27
9.481250e-04 1.000001e+00 1.457271e-27
9.730750e-04 1.000001e+00 1.761924e-27
9.980250e-04 1.000001e+00 2.560926e-27
1.022975e-03 1.000001e+00 4.619926e-27
1.047925e-03 1.000001e+00 1.012497e-26
1.072875e-03 1.000001e+00 2.455471e-26
1.097825e-03 1.000001e+00 6.124395e-26
1.122775e-03 1.000001e+00 1.554978e-25
1.147725e-03 1.000001e+00 3.975186e-25
1.172675e-03 1.000001e+00 1.004914e-24
1.197625e-03 1.000001e+00 2.522162e-24
1.222575e-03 1.000001e+00 6.300500e-24
1.247525e-03 1.000001e+00 1.560446e-23
1.272475e-03 1.000001e+00 3.831052e-23
1.297425e-03 1.000001e+00 9.335553e-23
1.322375e-03 1.000001e+00 2.256887e-22
1.347325e-03 1.000001e+00 5.411153e-22
1.372275e-03 1.000001e+00 1.286951e-21
1.397225e-03 1.000001e+00 3.036238e-21
1.422175e-03 1.000001e+00 7.105196e-21
1.447125e-03 1.000001e+00 1.649236e-20
1.472075e-03 1.000001e+00 3.797127e-20
1.497025e-03 1.000001e+00 8.671376e-20
1.521975e-03 1.000001e+00 1.964155e-19
1.546925e-03 1.000001e+00 4.412812e-19
1.571875e-03 1.000001e+00 9.833398e-19
1.596825e-03 1.000001e+00 2.173384e-18
1.621775e-03 1.000001e+00 4.764438e-18
1.646725e-03 1.000001e+00 1.035920e-17
1.671675e-03 1.000001e+00 2.233974e-17
1.696625e-03 1.000001e+00 4.778206e-17
1.721575e-03 1.000001e+00 1.013643e-16
1.746525e-03 1.000001e+00 2.132736e-16
1.771475e-03 1.000001e+00 4.450613e-16
1.796425e-03 1.000001e+00 9.211545e-16
1.821375e-03 1.000001e+00 1.890925e-15
1.846325e-03 1.000001e+00 3.849863e-15
1.871275e-03 1.000001e+00 7.774013e-15
1.896225e-03 1.000001e+00 1.556950e-14
1.921175e-03 1.000001e+00 3.092673e-14
1.946125e-03 1.000001e+00 6.092903e-14
1.971075e-03 1.000001e+00 1.190547e-13
1.996025e-03 1.000001e+00 2.307293e-13
2.020975e-03 1.000001e+00 4.435006e-13
2.045925e-03 1.000001e+00 8.455189e-13
2.070875e-03 1.000001e+00 1.598794e-12
2.095825e-03 1.000001e+00 2.998501e-12
2.120775e-03 1.000001e+00 5.577783e-12
2.145725e-03 1.000001e+00 1.029125e-11
2.170675e-03 1.000001e+00 1.883333e-11
2.195625e-03 1.000001e+00 3.418557e-11
2.220575e-03 1.000001e+00 6.154875e-11
2.245525e-03 1.000001e+00 1.099160e-10
2.270475e-03 1.000001e+00 1.947029e-10
2.295425e-03 1.000001e+00 3.421049e-10
2.320375e-03 1.000001e+00 5.962478e-10
2.345325e-03 1.000001e+00 1.030815e-09
2.370275e-03 1.000001e+00 1.767774e-09
2.395225e-03 1.000001e+00 3.007263e-09
2.420175e-03 1.000001e+00 5.074831e-09
2.445125e-03 1.000001e+00 8.495405e-09
2.470075e-03 1.000000e+00 1.410802e-08
2.495025e-03 1.000000e+00 2.324210e-08
2.519975e-03 1.000000e+00 3.798565e-08
2.544925e-03 1.000000e+00 6.158955e-08
2.569875e-03 9.999997e-01 9.907095e-08
2.594825e-03 9.999993e-01 1.581053e-07
2.619775e-03 9.999986e-01 2.503319e-07
2.644725e-03 9.999975e-01 3.932469e-07
2.669675e-03 9.999959e-01 6.129199e-07
2.694625e-03 9.999936e-01 9.478541e-07
2.719575e-03 9.999901e-01 1.454418e-06
2.744525e-03 9.999852e-01 2.214408e-06
2.769475e-03 9.999781e-01 3.345476e-06
2.794425e-03 9.999679e-01 5.015356e-06
2.819375e-03 9.999535e-01 7.461069e-06
2.844325e-03 9.999333e-01 1.101458e-05
2.869275e-03 9.999051e-01 1.613672e-05
2.894225e-03 9.998661e-01 2.346150e-05
2.919175e-03 9.998127e-01 3.385347e-05
2.944125e-03 9.997401e-01 4.848094e-05
2.969075e-03 9.996420e-01 6.890862e-05
2.994025e-03 9.995107e-01 9.721321e-05
3.018975e-03 9.993363e-01 1.361261e-04
3.043925e-03 9.991063e-01 1.892069e-04
3.068875e-03 9.988055e-01 2.610526e-04
3.093825e-03 9.984150e-01 3.575452e-04
3.118775e-03 9.979122e-01 4.861412e-04
3.143725e-03 9.972696e-01 6.562050e-04
3.168675e-03 9.964547e-01 8.793872e-04
3.193625e-03 9.954292e-01 1.170044e-03
3.218575e-03 9.941485e-01 1.545699e-03
3.243525e-03 9.925612e-01 2.027528e-03
3.268475e-03 9.906089e-01 2.640877e-03
3.293425e-03 9.882257e-01 3.415773e-03
3.318375e-03 9.853385e-01 4.387433e-03
3.343325e-03 9.818669e-01 5.596725e-03
3.368275e-03 9.777237e-01 7.090579e-03
3.393225e-03 9.728158e-01 8.922290e-03
3.418175e-03 9.670453e-01 1.115171e-02
3.443125e-03 9.603107e-01 1.384526e-02
3.468075e-03 9.525088e-01 1.707578e-02
3.493025e-03 9.435368e-01 2.092208e-02
3.517975e-03 9.332945e-01 2.546835e-02
3.542925e-03 9.216875e-01 3.080320e-02
3.567875e-03 9.086292e-01 3.701841e-02
3.592825e-03 8.940444e-01 4.420747e-02
3.617775e-03 8.778721e-01 5.246379e-02
3.642725e-03 8.600683e-01 6.187860e-02
3.667675e-03 8.406084e-01 7.253876e-02
3.692625e-03 8.194902e-01 8.452431e-02
3.717575e-03 7.967350e-01 9.790593e-02
3.742525e-03 7.723895e-01 1.127424e-01
3.767475e-03 7.465263e-01 1.290783e-01
3.792425e-03 7.192438e-01 1.469415e-01
3.817375e-03 6.906659e-01 1.663411e-01
3.842325e-03 6.609401e-01 1.872659e-01
3.867275e-03 6.302355e-01 2.096833e-01
3.892225e-03 5.987401e-01 2.335381e-01
3.917175e-03 5.666572e-01 2.587525e-01
3.942125e-03 5.342014e-01 2.852269e-01
3.967075e-03 5.015946e-01 3.128404e-01
3.992025e-03 4.690612e-01 3.414527e-01
4.016975e-03 4.368236e-01 3.709061e-01
4.041925e-03 4.050978e-01 4.010285e-01
4.066875e-03 3.740893e-01 4.316361e-01
4.091825e-03 3.439888e-01 4.625374e-01
4.116775e-03 3.149691e-01 4.935363e-01
4.141725e-03 2.871824e-01 5.244362e-01
4.166675e-03 2.607580e-01 5.550437e-01
4.191625e-03 2.358007e-01 5.851720e-01
4.216575e-03 2.123904e-01 6.146448e-01
4.241525e-03 1.905820e-01 6.432984e-01
4.266475e-03 1.704055e-01 6.709853e-01
4.291425e-03 1.518678e-01 6.975754e-01
4.316375e-03 1.349540e-01 7.229581e-01
4.341325e-03 1.196299e-01 7.470432e-01
4.366275e-03 1.058437e-01 7.697611e-01
4.391225e-03 9.352922e-02 7.910631e-01
4.416175e-03 8.260850e-02 8.109205e-01
4.441125e-03 7.299429e-02 8.293238e-01
4.466075e-03 6.459289e-02 8.462811e-01
4.491025e-03 5.730663e-02 8.618169e-01
4.515975e-03 5.103612e-02 8.759695e-01
4.540925e-03 4.568236e-02 8.887897e-01
4.565875e-03 4.114846e-02 9.003382e-01
4.590825e-03 3.734117e-02 9.106837e-01
4.615775e-03 3.417204e-02 9.199007e-01
4.640725e-03 3.155831e-02 9.280678e-01
4.665675e-03 2.942355e-02 9.352656e-01
4.690625e-03 2.769803e-02 9.415754e-01
4.715575e-03 2.631886e-02 9.470776e-01
4.740525e-03 2.522998e-02 9.518504e-01
4.765475e-03 2.438196e-02 9.559691e-01
4.790425e-03 2.373171e-02 9.595051e-01
4.815375e-03 2.324202e-02 9.625254e-01
4.840325e-03 2.288117e-02 9.650923e-01
4.865275e-03 2.262237e-02 9.672631e-01
4.890225e-03 2.244329e-02 9.690897e-01
4.915175e-03 2.232546e-02 9.706194e-01
4.940125e-03 2.225386e-02 9.718942e-01
4.965075e-03 2.221640e-02 9.729515e-01
4.990025e-03 2.220346e-02 9.738243e-01
5.014975e-03 2.220752e-02 9.745415e-01
5.039925e-03 2.222282e-02 9.751281e-01
5.064875e-03 2.224497e-02 9.756057e-01
5.089825e-03 2.227077e-02 9.759928e-01
5.114775e-03 2.229788e-02 9.763051e-01
5.139725e-03 2.232472e-02 9.765561e-01
5.164675e-03 2.235021e-02 9.767569e-01
5.189625e-03 2.237372e-02 9.769168e-01
5.214575e-03 2.239490e-02 9.770436e-01
5.239525e-03 2.241364e-02 9.771438e-01
5.264475e-03 2.242994e-02 9.772226e-01
5.289425e-03 2.244395e-02 9.772843e-01
5.314375e-03 2.245584e-02 9.773325e-01
5.339325e-03 2.246583e-02 9.773700e-01
5.364275e-03 2.247413e-02 9.773990e-01
5.389225e-03 2.248099e-02 9.774214e-01
5.414175e-03 2.248659e-02 9.774385e-01
5.439125e-03 2.249115e-02 9.774517e-01
5.464075e-03 2.249482e-02 9.774617e-01
5.489025e-03 2.249776e-02 9.774694e-01
5.513975e-03 2.250011e-02 9.774752e-01
5.538925e-03 2.250196e-02 9.774795e-01
5.563875e-03 2.250342e-02 9.774828e-01
5.588825e-03 2.250456e-02 9.774853e-01
5.613775e-03 2.250545e-02 9.774871e-01
5.638725e-03 2.250614e-02 9.774885e-01
5.663675e-03 2.250667e-02 9.774895e-01
5.688625e-03 2.250708e-02 9.774902e-01
5.713575e-03 2.250739e-02 9.774908e-01
5.738525e-03 2.250763e-02 9.774912e-01
5.763475e-03 2.250781e-02 9.774915e-01
5.788425e-03 2.250794e-02 9.774917e-01
5.813375e-03 2.250804e-02 9.774919e-01
5.838325e-03 2.250812e-02 9.774920e-01
5.863275e-03 2.250818e-02 9.774921e-01
5.888225e-03 2.250822e-02 9.774921e-01
5.913175e-03 2.250825e-02 9.774922e-01
5.938125e-03 2.250827e-02 9.774922e-01
5.963075e-03 2.250829e-02 9.774922e-01
5.988025e-03 2.250830e-02 9.774922e-01
6.012975e-03 2.250831e-02 9.774923e-01
6.037925e-03 2.250832e-02 9.774923e-01
6.062875e-03 2.250832e-02 9.774923e-01
6.087825e-03 2.250832e-02 9.774923e-01
6.112775e-03 2.250833e-02 9.774923e-01
6.137725e-03 2.250833e-02 9.774923e-01
6.162675e-03 2.250833e-02 9.774923e-01
6.187625e-03 2.250833e-02 9.774923e-01
6.212575e-03 2.250833e-02 9.774923e-01
6.237525e-03 2.250833e-02 9.774923e-01
6.262475e-03 2.250833e-02 9.774923e-01
6.287425e-03 2.250833e-02 9.774923e-01
6.312375e-03 2.250833e-02 9.774923e-01
6.337325e-03 2.250833e-02 9.774923e-01
6.362275e-03 2.250833e-02 9.774923e-01
6.387225e-03 2.250833e-02 9.774923e-01
6.412175e-03 2.250833e-02 9.774923e-01
6.437125e-03 2.250833e-02 9.774923e-01
6.462075e-03 2.250833e-02 9.774923e-01
6.487025e-03 2.250833e-02 9.774923e-01
6.511975e-03 2.250833e-02 9.774923e-01
6.536925e-03 2.250833e-02 9.774923e-01
6.561875e-03 2.250833e-02 9.774923e-01
6.586825e-03 2.250833e-02 9.774923e-01
6.611775e-03 2.250833e-02 9.774923e-01
6.636725e-03 2.250833e-02 9.774923e-01
6.661675e-03 2.250833e-02 9.774923e-01
6.686625e-03 2.250833e-02 9.774923e-01
6.711575e-03 2.250833e-02 9.774923e-01
6.736525e-03 2.250833e-02 9.774923e-01
6.761475e-03 2.250833e-02 9.774923e-01
6.786425e-03 2.250833e-02 9.774923e-01
6.811375e-03 2.250833e-02 9.774923e-01
6.836325e-03 2.250833e-02 9.774923e-01
6.861275e-03 2.250833e-02 9.774923e-01
6.886225e-03 2.250833e-02 9.774923e-01
6.911175e-03 2.250833e-02 9.774923e-01
6.936125e-03 2.250833e-02 9.774923e-01
6.961075e-03 2.250833e-02 9.774923e-01
6.986025e-03 2.250833e-02 9.774923e-01
7.010975e-03 2.250833e-02 9.774923e-01
7.035925e-03 2.250833e-02 9.774923e-01
7.060875e-03 2.250833e-02 9.774923e-01
7.085825e-03 2.250833e-02 9.774923e-01
7.110775e-03 2.250833e-02 9.774923e-01
7.135725e-03 2.250833e-02 9.774923e-01
7.160675e-03 2.250833e-02 9.774923e-01
7.185625e-03 2.250833e-02 9.774923e-01
7.210575e-03 2.250833e-02 9.774923e-01
7.235525e-03 2.250833e-02 9.774923e-01
7.260475e-03 2.250833e-02 9.774923e-01
7.285425e-03 2.250833e-02 9.774923e-01
7.310375e-03 2.250833e-02 9.774923e-01
7.335325e-03 2.250833e-02 9.774923e-01
7.360275e-03 2.250833e-02 9.774923e-01
7.385225e-03 2.250833e-02 9.774923e-01
7.410175e-03 2.250833e-02 9.774923e-01
7.435125e-03 2.250833e-02 9.774923e-01
7.460075e-03 2.250833e-02 9.774923e-01
7.485025e-03 2.250833e-02 9.774923e-01
7.509975e-03 2.250833e-02 9.774923e-01
7.534925e-03 2.250833e-02 9.774923e-01
7.559875e-03 2.250833e-02 9.774923e-01
7.584825e-03 2.250833e-02 9.774923e-01
7.609775e-03 2.250833e-02 9.774923e-01
7.634725e-03 2.250833e-02 9.774923e-01
7.659675e-03 2.250833e-02 9.774923e-01
7.684625e-03 2.250833e-02 9.774923e-01
7.709575e-03 2.250833e-02 9.774923e-01
7.734525e-03 2.250833e-02 9.774923e-01
7.759475e-03 2.250833e-02 9.774923e-01
7.784425e-03 2.250833e-02 9.774923e-01
7.809375e-03 2.250833e-02 9.774923e-01
7.834325e-03 2.250833e-02 9.774923e-01
7.859275e-03 2.250833e-02 9.774923e-01
7.884225e-03 2.250833e-02 9.774923e-01
7.909175e-03 2.250833e-02 9.774923e-01
7.934125e-03 2.250833e-02 9.774923e-01
7.959075e-03 2.250833e-02 9.774923e-01
7.984025e-03 2.250833e-02 9.774923e-01
8.008975e-03 2.250833e-02 9.774923e-01
8.033925e-03 2.250833e-02 9.774923e-01
8.058875e-03 2.250833e-02 9.774923e-01
8.083825e-03 2.250833e-02 9.774923e-01
8.108775e-03 2.250833e-02 9.774923e-01
8.133725e-03 2.250833e-02 9.774923e-01
8.158675e-03 2.250833e-02 9.774923e-01
8.183625e-03 2.250833e-02 9.774923e-01
8.208575e-03 2.250833e-02 9.774923e-01
8.233525e-03 2.250833e-02 9.774923e-01
8.258475e-03 2.250833e-02 9.774923e-01
8.283425e-03 2.250833e-02 9.774923e-01
8.308375e-03 2.250833e-02 9.774923e-01
8.333325e-03 2.250833e-02 9.774923e-01
8.358275e-03 2.250833e-02 9.774923e-01
8.383225e-03 2.250833e-02 9.774923e-01
8.408175e-03 2.250833e-02 9.774923e-01
8.433125e-03 2.250833e-02 9.774923e-01
8.458075e-03 2.250833e-02 9.774923e-01
8.483025e-03 2.250833e-02 9.774923e-01
8.507975e-03 2.250833e-02 9.774923e-01
8.532925e-03 2.250833e-02 9.774923e-01
8.557875e-03 2.250833e-02 9.774923e-01
8.582825e-03 2.250833e-02 9.774923e-01
8.607775e-03 2.250833e-02 9.774923e-01
8.632725e-03 2.250833e-02 9.774923e-01
8.657675e-03 2.250833e-02 9.774923e-01
8.682625e-03 2.250833e-02 9.774923e-01
8.707575e-03 2.250833e-02 9.774923e-01
8.732525e-03 2.250833e-02 9.774923e-01
8.757475e-03 2.250833e-02 9.774923e-01
8.782425e-03 2.250833e-02 9.774923e-01
8.807375e-03 2.250833e-02 9.774923e-01
8.832325e-03 2.250833e-02 9.774923e-01
8.857275e-03 2.250833e-02 9.774923e-01
8.882225e-03 2.250833e-02 9.774923e-01
8.907175e-03 2.250833e-02 9.774923e-01
8.932125e-03 2.250833e-02 9.774923e-01
8.957075e-03 2.250833e-02 9.774923e-01
8.982025e-03 2.250833e-02 9.774923e-01
9.006975e-03 2.250833e-02 9.774923e-01
9.031925e-03 2.250833e-02 9.774923e-01
9.056875e-03 2.250833e-02 9.774923e-01
9.081825e-03 2.250833e-02 9.774923e-01
9.106775e-03 2.250833e-02 9.774923e-01
9.131725e-03 2.250833e-02 9.774923e-01
9.156675e-03 2.250833e-02 9.774923e-01
9.181625e-03 2.250833e-02 9.774923e-01
9.206575e-03 2.250833e-02 9.774923e-01
9.231525e-03 2.250833e-02 9.774923e-01
9.256475e-03 2.250833e-02 9.774923e-01
9.281425e-03 2.250833e-02 9.774923e-01
9.306375e-03 2.250833e-02 9.774923e-01
9.331325e-03 2.250833e-02 9.774923e-01
9.356275e-03 2.250833e-02 9.774923e-01
9.381225e-03 2.250833e-02 9.774923e-01
9.406175e-03 2.250833e-02 9.774923e-01
9.431125e-03 2.250833e-02 9.774923e-01
9.456075e-03 2.250833e-02 9.774923e-01
9.481025e-03 2.250833e-02 9.774923e-01
9.505975e-03 2.250833e-02 9.774923e-01
9.530925e-03 2.250833e-02 9.774923e-01
9.555875e-03 2.250833e-02 9.774923e-01
9.580825e-03 2.250833e-02 9.774923e-01
9.605775e-03 2.250833e-02 9.774923e-01
9.630725e-03 2.250833e-02 9.774923e-01
9.655675e-03 2.250833e-02 9.774923e-01
9.680625e-03 2.250833e-02 9.774923e-01
9.705575e-03 2.250833e-02 9.774923e-01
9.730525e-03 2.250833e-02 9.774923e-01
9.755475e-03 2.250833e-02 9.774923e-01
9.780425e-03 2.250833e-02 9.774923e-01
9.805375e-03 2.250833e-02 9.774923e-01
9.830325e-03 2.250833e-02 9.774923e-01
9.855275e-03 2.250833e-02 9.774923e-01
9.880225e-03 2.250833e-02 9.774923e-01
9.905175e-03 2.250833e-02 9.774923e-01
9.930125e-03 2.250833e-02 9.774923e-01
9.955075e-03 2.250833e-02 9.774923e-01
9.980025e-03 2.250833e-02 9.774923e-01
