t    R    T
2.500000e-08 1.000000e+00 1.361266e-46
2.497500e-05 1.000000e+00 4.421139e-46
4.992500e-05 1.000000e+00 1.426840e-45
7.487500e-05 1.000000e+00 2.815039e-45
9.982500e-05 1.000000e+00 4.887987e-45
1.247750e-04 1.000000e+00 3.792252e-43
1.497250e-04 1.000000e+00 5.560794e-39
1.746750e-04 1.000000e+00 1.325346e-35
1.996250e-04 1.000000e+00 4.480637e-33
2.245750e-04 1.000000e+00 5.082093e-31
2.495250e-04 1.000000e+00 8.781019e-30
2.744750e-04 1.000000e+00 4.309103e-29
2.994250e-04 1.000000e+00 9.622548e-29
3.243750e-04 1.000000e+00 1.463467e-28
3.493250e-04 1.000000e+00 1.964681e-28
3.742750e-04 1.000000e+00 2.438201e-28
3.992250e-04 1.000000e+00 2.727227e-28
4.241750e-04 1.000000e+00 2.878894e-28
4.491250e-04 1.000000e+00 3.008694e-28
4.740750e-04 1.000000e+00 3.149038e-28
4.990250e-04 1.000000e+00 3.410664e-28
5.239750e-04 1.000000e+00 3.984487e-28
5.489250e-04 1.000000e+00 4.732318e-28
5.738750e-04 1.000000e+00 5.405203e-28
5.988250e-04 1.000000e+00 5.908843e-28
6.237750e-04 1.000000e+00 6.331892e-28
6.487250e-04 1.000000e+00 6.758391e-28
6.736750e-04 1.000000e+00 7.357617e-28
6.986250e-04 1.000000e+00 8.036468e-28
7.235750e-04 1.000000e+00 8.601962e-28
7.485250e-04 1.000000e+00 9.061122e-28
7.734750e-04 1.000000e+00 9.354061e-28
7.984250e-04 1.000000e+00 9.522733e-28
8.233750e-04 1.000000e+00 9.616467e-28
8.483250e-04 1.000000e+00 9.665107e-28
8.732750e-04 1.000000e+00 9.695295e-28
8.982250e-04 1.000000e+00 9.724709e-28
9.231750e-04 1.000000e+00 9.751865e-28
9.481250e-04 1.000000e+00 9.783195e-28
9.730750e-04 1.000000e+00 9.829903e-28
9.980250e-04 1.000000e+00 9.901318e-28
1.022975e-03 1.000000e+00 1.004402e-27
1.047925e-03 1.000000e+00 1.038053e-27
1.072875e-03 1.000000e+00 1.115868e-27
1.097825e-03 1.000000e+00 1.277360e-27
1.122775e-03 1.000000e+00 1.653138e-27
1.147725e-03 1.000000e+00 2.586740e-27
1.172675e-03 1.000000e+00 4.858111e-27
1.197625e-03 1.000000e+00 9.958720e-27
1.222575e-03 1.000000e+00 2.154848e-26
1.247525e-03 1.000000e+00 4.883257e-26
1.272475e-03 1.000000e+00 1.122015e-25
1.297425e-03 1.000000e+00 2.564969e-25
1.322375e-03 1.000000e+00 5.823677e-25
1.347325e-03 1.000000e+00 1.318592e-24
1.372275e-03 1.000000e+00 2.973350e-24
1.397225e-03 1.000000e+00 6.662898e-24
1.422175e-03 1.000000e+00 1.483043e-23
1.447125e-03 1.000000e+00 3.279984e-23
1.472075e-03 1.000000e+00 7.210062e-23
1.497025e-03 1.000000e+00 1.574965e-22
1.521975e-03 1.000000e+00 3.418392e-22
1.546925e-03 1.000000e+00 7.372295e-22
1.571875e-03 1.000000e+00 1.579842e-21
1.596825e-03 1.000000e+00 3.363922e-21
1.621775e-03 1.000000e+00 7.116944e-21
1.646725e-03 1.000000e+00 1.496089e-20
1.671675e-03 1.000000e+00 3.124834e-20
1.696625e-03 1.000000e+00 6.484866e-20
1.721575e-03 1.000000e+00 1.337138e-19
1.746525e-03 1.000000e+00 2.739356e-19
1.771475e-03 1.000000e+00 5.575894e-19
1.796425e-03 1.000000e+00 1.127642e-18
1.821375e-03 1.000000e+00 2.265771e-18
1.846325e-03 1.000000e+00 4.523204e-18
1.871275e-03 1.000000e+00 8.971382e-18
1.896225e-03 1.000000e+00 1.767883e-17
1.921175e-03 1.000000e+00 3.461199e-17
1.946125e-03 1.000000e+00 6.732512e-17
1.971075e-03 1.000000e+00 1.301079e-16
1.996025e-03 1.000000e+00 2.498070e-16
2.020975e-03 1.000000e+00 4.765182e-16
2.045925e-03 1.000000e+00 9.030821e-16
2.070875e-03 1.000000e+00 1.700386e-15
2.095825e-03 1.000000e+00 3.180825e-15
2.120775e-03 1.000000e+00 5.911587e-15
2.145725e-03 1.000000e+00 1.091542e-14
2.170675e-03 1.000000e+00 2.002395e-14
2.195625e-03 1.000000e+00 3.649488e-14
2.220575e-03 1.000000e+00 6.608276e-14
2.245525e-03 1.000000e+00 1.188829e-13
2.270475e-03 1.000000e+00 2.124843e-13
2.295425e-03 1.000000e+00 3.773220e-13
2.320375e-03 1.000000e+00 6.656974e-13
2.345325e-03 1.000000e+00 1.166871e-12
2.370275e-03 1.000000e+00 2.032135e-12
2.395225e-03 1.000000e+00 3.516157e-12
2.420175e-03 1.000000e+00 6.044668e-12
2.445125e-03 1.000000e+00 1.032447e-11
2.470075e-03 1.000000e+00 1.752095e-11
2.495025e-03 1.000000e+00 2.954237e-11
2.519975e-03 1.000000e+00 4.949187e-11
2.544925e-03 1.000000e+00 8.238104e-11
2.569875e-03 1.000000e+00 1.362478e-10
2.594825e-03 1.000000e+00 2.238950e-10
2.619775e-03 1.000000e+00 3.655750e-10
2.644725e-03 1.000000e+00 5.931032e-10
2.669675e-03 1.000000e+00 9.561162e-10
2.694625e-03 1.000000e+00 1.531520e-09
2.719575e-03 1.000000e+00 2.437649e-09
2.744525e-03 1.000000e+00 3.855334e-09
2.769475e-03 1.000000e+00 6.058994e-09
2.794425e-03 1.000000e+00 9.462214e-09
2.819375e-03 1.000000e+00 1.468401e-08
2.844325e-03 1.000000e+00 2.264450e-08
2.869275e-03 9.999999e-01 3.470191e-08
2.894225e-03 9.999997e-01 5.284734e-08
2.919175e-03 9.999994e-01 7.997959e-08
2.944125e-03 9.999989e-01 1.202897e-07
2.969075e-03 9.999983e-01 1.797955e-07
2.994025e-03 9.999973e-01 2.670775e-07
3.018975e-03 9.999960e-01 3.942865e-07
3.043925e-03 9.999941e-01 5.785099e-07
3.068875e-03 9.999916e-01 8.436108e-07
3.093825e-03 9.999879e-01 1.222684e-06
3.118775e-03 9.999830e-01 1.761312e-06
3.143725e-03 9.999762e-01 2.521835e-06
3.168675e-03 9.999669e-01 3.588929e-06
3.193625e-03 9.999544e-01 5.076800e-06
3.218575e-03 9.999375e-01 7.138419e-06
3.243525e-03 9.999150e-01 9.977241e-06
3.268475e-03 9.998851e-01 1.386199e-05
3.293425e-03 9.998456e-01 1.914509e-05
3.318375e-03 9.997939e-01 2.628553e-05
3.343325e-03 9.997265e-01 3.587685e-05
3.368275e-03 9.996392e-01 4.868117e-05
3.393225e-03 9.995268e-01 6.567019e-05
3.418175e-03 9.993831e-01 8.807397e-05
3.443125e-03 9.992005e-01 1.174385e-04
3.468075e-03 9.989697e-01 1.556931e-04
3.493025e-03 9.986800e-01 2.052279e-04
3.517975e-03 9.983185e-01 2.689825e-04
3.542925e-03 9.978702e-01 3.505461e-04
3.567875e-03 9.973175e-01 4.542688e-04
3.592825e-03 9.966405e-01 5.853836e-04
3.617775e-03 9.958160e-01 7.501393e-04
3.642725e-03 9.948181e-01 9.559405e-04
3.667675e-03 9.936177e-01 1.211495e-03
3.692625e-03 9.921823e-01 1.526965e-03
3.717575e-03 9.904762e-01 1.914115e-03
3.742525e-03 9.884608e-01 2.386456e-03
3.767475e-03 9.860940e-01 2.959383e-03
3.792425e-03 9.833315e-01 3.650288e-03
3.817375e-03 9.801262e-01 4.478653e-03
3.842325e-03 9.764295e-01 5.466117e-03
3.867275e-03 9.721915e-01 6.636492e-03
3.892225e-03 9.673619e-01 8.015743e-03
3.917175e-03 9.618911e-01 9.631911e-03
3.942125e-03 9.557306e-01 1.151497e-02
3.967075e-03 9.488350e-01 1.369663e-02
3.992025e-03 9.411625e-01 1.621004e-02
4.016975e-03 9.326763e-01 1.908947e-02
4.041925e-03 9.233461e-01 2.236985e-02
4.066875e-03 9.131491e-01 2.608628e-02
4.091825e-03 9.020713e-01 3.027349e-02
4.116775e-03 8.901085e-01 3.496518e-02
4.141725e-03 8.772673e-01 4.019335e-02
4.166675e-03 8.635660e-01 4.598760e-02
4.191625e-03 8.490350e-01 5.237437e-02
4.216575e-03 8.337172e-01 5.937624e-02
4.241525e-03 8.176678e-01 6.701114e-02
4.266475e-03 8.009544e-01 7.529173e-02
4.291425e-03 7.836563e-01 8.422476e-02
4.316375e-03 7.658635e-01 9.381048e-02
4.341325e-03 7.476758e-01 1.040422e-01
4.366275e-03 7.292011e-01 1.149061e-01
4.391225e-03 7.105539e-01 1.263809e-01
4.416175e-03 6.918533e-01 1.384376e-01
4.441125e-03 6.732213e-01 1.510401e-01
4.466075e-03 6.547802e-01 1.641450e-01
4.491025e-03 6.366508e-01 1.777024e-01
4.515975e-03 6.189501e-01 1.916562e-01
4.540925e-03 6.017893e-01 2.059446e-01
4.565875e-03 5.852718e-01 2.205016e-01
4.590825e-03 5.694917e-01 2.352574e-01
4.615775e-03 5.545319e-01 2.501395e-01
4.640725e-03 5.404631e-01 2.650739e-01
4.665675e-03 5.273431e-01 2.799862e-01
4.690625e-03 5.152159e-01 2.948027e-01
4.715575e-03 5.041112e-01 3.094512e-01
4.740525e-03 4.940452e-01 3.238626e-01
4.765475e-03 4.850201e-01 3.379713e-01
4.790425e-03 4.770254e-01 3.517165e-01
4.815375e-03 4.700384e-01 3.650426e-01
4.840325e-03 4.640254e-01 3.779000e-01
4.865275e-03 4.589433e-01 3.902457e-01
4.890225e-03 4.547404e-01 4.020431e-01
4.915175e-03 4.513584e-01 4.132630e-01
4.940125e-03 4.487338e-01 4.238830e-01
4.965075e-03 4.467995e-01 4.338876e-01
4.990025e-03 4.454860e-01 4.432682e-01
5.014975e-03 4.447233e-01 4.520224e-01
5.039925e-03 4.444415e-01 4.601539e-01
5.064875e-03 4.445727e-01 4.676719e-01
5.089825e-03 4.450517e-01 4.745904e-01
5.114775e-03 4.458165e-01 4.809279e-01
5.139725e-03 4.468096e-01 4.867063e-01
5.164675e-03 4.479780e-01 4.919510e-01
5.189625e-03 4.492738e-01 4.966893e-01
5.214575e-03 4.506545e-01 5.009508e-01
5.239525e-03 4.520826e-01 5.047660e-01
5.264475e-03 4.535261e-01 5.081661e-01
5.289425e-03 4.549579e-01 5.111828e-01
5.314375e-03 4.563557e-01 5.138470e-01
5.339325e-03 4.577017e-01 5.161896e-01
5.364275e-03 4.589823e-01 5.182400e-01
5.389225e-03 4.601874e-01 5.200268e-01
5.414175e-03 4.613104e-01 5.215768e-01
5.439125e-03 4.623472e-01 5.229155e-01
5.464075e-03 4.632963e-01 5.240666e-01
5.489025e-03 4.641583e-01 5.250519e-01
5.513975e-03 4.649353e-01 5.258916e-01
5.538925e-03 4.656305e-01 5.266041e-01
5.563875e-03 4.662483e-01 5.272059e-01
5.588825e-03 4.667938e-01 5.277121e-01
5.613775e-03 4.672722e-01 5.281359e-01
5.638725e-03 4.676892e-01 5.284893e-01
5.663675e-03 4.680506e-01 5.287825e-01
5.688625e-03 4.683618e-01 5.290248e-01
5.713575e-03 4.686284e-01 5.292242e-01
5.738525e-03 4.688555e-01 5.293875e-01
5.763475e-03 4.690477e-01 5.295207e-01
5.788425e-03 4.692097e-01 5.296288e-01
5.813375e-03 4.693454e-01 5.297162e-01
5.838325e-03 4.694585e-01 5.297866e-01
5.863275e-03 4.695523e-01 5.298430e-01
5.888225e-03 4.696297e-01 5.298879e-01
5.913175e-03 4.696932e-01 5.299237e-01
5.938125e-03 4.697450e-01 5.299519e-01
5.963075e-03 4.697872e-01 5.299742e-01
5.988025e-03 4.698212e-01 5.299916e-01
6.012975e-03 4.698487e-01 5.300052e-01
6.037925e-03 4.698706e-01 5.300158e-01
6.062875e-03 4.698881e-01 5.300239e-01
6.087825e-03 4.699020e-01 5.300302e-01
6.112775e-03 4.699129e-01 5.300351e-01
6.137725e-03 4.699215e-01 5.300388e-01
6.162675e-03 4.699283e-01 5.300416e-01
6.187625e-03 4.699335e-01 5.300437e-01
6.212575e-03 4.699376e-01 5.300453e-01
6.237525e-03 4.699407e-01 5.300465e-01
6.262475e-03 4.699431e-01 5.300474e-01
6.287425e-03 4.699449e-01 5.300480e-01
6.312375e-03 4.699463e-01 5.300485e-01
6.337325e-03 4.699474e-01 5.300489e-01
6.362275e-03 4.699482e-01 5.300492e-01
6.387225e-03 4.699488e-01 5.300494e-01
6.412175e-03 4.699493e-01 5.300495e-01
6.437125e-03 4.699496e-01 5.300496e-01
6.462075e-03 4.699498e-01 5.300497e-01
6.487025e-03 4.699500e-01 5.300497e-01
6.511975e-03 4.699502e-01 5.300498e-01
6.536925e-03 4.699503e-01 5.300498e-01
6.561875e-03 4.699503e-01 5.300498e-01
6.586825e-03 4.699504e-01 5.300498e-01
6.611775e-03 4.699504e-01 5.300498e-01
6.636725e-03 4.699504e-01 5.300498e-01
6.661675e-03 4.699505e-01 5.300498e-01
6.686625e-03 4.699505e-01 5.300498e-01
6.711575e-03 4.699505e-01 5.300498e-01
6.736525e-03 4.699505e-01 5.300499e-01
6.761475e-03 4.699505e-01 5.300499e-01
6.786425e-03 4.699505e-01 5.300499e-01
6.811375e-03 4.699505e-01 5.300499e-01
6.836325e-03 4.699505e-01 5.300499e-01
6.861275e-03 4.699505e-01 5.300499e-01
6.886225e-03 4.699505e-01 5.300499e-01
6.911175e-03 4.699505e-01 5.300499e-01
6.936125e-03 4.699505e-01 5.300499e-01
6.961075e-03 4.699505e-01 5.300499e-01
6.986025e-03 4.699505e-01 5.300499e-01
7.010975e-03 4.699505e-01 5.300499e-01
7.035925e-03 4.699505e-01 5.300499e-01
7.060875e-03 4.699505e-01 5.300499e-01
7.085825e-03 4.699505e-01 5.300499e-01
7.110775e-03 4.699505e-01 5.300499e-01
7.135725e-03 4.699505e-01 5.300499e-01
7.160675e-03 4.699505e-01 5.300499e-01
7.185625e-03 4.699505e-01 5.300499e-01
7.210575e-03 4.699505e-01 5.300499e-01
7.235525e-03 4.699505e-01 5.300499e-01
7.260475e-03 4.699505e-01 5.300499e-01
7.285425e-03 4.699505e-01 5.300499e-01
7.310375e-03 4.699505e-01 5.300499e-01
7.335325e-03 4.699505e-01 5.300499e-01
7.360275e-03 4.699505e-01 5.300499e-01
7.385225e-03 4.699505e-01 5.300499e-01
7.410175e-03 4.699505e-01 5.300499e-01
7.435125e-03 4.699505e-01 5.300499e-01
7.460075e-03 4.699505e-01 5.300499e-01
7.485025e-03 4.699505e-01 5.300499e-01
7.509975e-03 4.699505e-01 5.300499e-01
7.534925e-03 4.699505e-01 5.300499e-01
7.559875e-03 4.699505e-01 5.300499e-01
7.584825e-03 4.699505e-01 5.300499e-01
7.609775e-03 4.699505e-01 5.300499e-01
7.634725e-03 4.699505e-01 5.300499e-01
7.659675e-03 4.699505e-01 5.300499e-01
7.684625e-03 4.699505e-01 5.300499e-01
7.709575e-03 4.699505e-01 5.300499e-01
7.734525e-03 4.699505e-01 5.300499e-01
7.759475e-03 4.699505e-01 5.300499e-01
7.784425e-03 4.699505e-01 5.300499e-01
7.809375e-03 4.699505e-01 5.300499e-01
7.834325e-03 4.699505e-01 5.300499e-01
7.859275e-03 4.699505e-01 5.300499e-01
7.884225e-03 4.699505e-01 5.300499e-01
7.909175e-03 4.699505e-01 5.300499e-01
7.934125e-03 4.699505e-01 5.300499e-01
7.959075e-03 4.699505e-01 5.300499e-01
7.984025e-03 4.699505e-01 5.300499e-01
8.008975e-03 4.699505e-01 5.300499e-01
8.033925e-03 4.699505e-01 5.300499e-01
8.058875e-03 4.699505e-01 5.300499e-01
8.083825e-03 4.699505e-01 5.300499e-01
8.108775e-03 4.699505e-01 5.300499e-01
8.133725e-03 4.699505e-01 5.300499e-01
8.158675e-03 4.699505e-01 5.300499e-01
8.183625e-03 4.699505e-01 5.300499e-01
8.208575e-03 4.699505e-01 5.300499e-01
8.233525e-03 4.699505e-01 5.300499e-01
8.258475e-03 4.699505e-01 5.300499e-01
8.283425e-03 4.699505e-01 5.300499e-01
8.308375e-03 4.699505e-01 5.300499e-01
8.333325e-03 4.699505e-01 5.300499e-01
8.358275e-03 4.699505e-01 5.300499e-01
8.383225e-03 4.699505e-01 5.300499e-01
8.408175e-03 4.699505e-01 5.300499e-01
8.433125e-03 4.699505e-01 5.300499e-01
8.458075e-03 4.699505e-01 5.300499e-01
8.483025e-03 4.699505e-01 5.300499e-01
8.507975e-03 4.699505e-01 5.300499e-01
8.532925e-03 4.699505e-01 5.300499e-01
8.557875e-03 4.699505e-01 5.300499e-01
8.582825e-03 4.699505e-01 5.300499e-01
8.607775e-03 4.699505e-01 5.300499e-01
8.632725e-03 4.699505e-01 5.300499e-01
8.657675e-03 4.699505e-01 5.300499e-01
8.682625e-03 4.699505e-01 5.300499e-01
8.707575e-03 4.699505e-01 5.300499e-01
8.732525e-03 4.699505e-01 5.300499e-01
8.757475e-03 4.699505e-01 5.300499e-01
8.782425e-03 4.699505e-01 5.300499e-01
8.807375e-03 4.699505e-01 5.300499e-01
8.832325e-03 4.699505e-01 5.300499e-01
8.857275e-03 4.699505e-01 5.300499e-01
8.882225e-03 4.699505e-01 5.300499e-01
8.907175e-03 4.699505e-01 5.300499e-01
8.932125e-03 4.699505e-01 5.300499e-01
8.957075e-03 4.699505e-01 5.300499e-01
8.982025e-03 4.699505e-01 5.300499e-01
9.006975e-03 4.699505e-01 5.300499e-01
9.031925e-03 4.699505e-01 5.300499e-01
9.056875e-03 4.699505e-01 5.300499e-01
9.081825e-03 4.699505e-01 5.300499e-01
9.106775e-03 4.699505e-01 5.300499e-01
9.131725e-03 4.699505e-01 5.300499e-01
9.156675e-03 4.699505e-01 5.300499e-01
9.181625e-03 4.699505e-01 5.300499e-01
9.206575e-03 4.699505e-01 5.300499e-01
9.231525e-03 4.699505e-01 5.300499e-01
9.256475e-03 4.699505e-01 5.300499e-01
9.281425e-03 4.699505e-01 5.300499e-01
9.306375e-03 4.699505e-01 5.300499e-01
9.331325e-03 4.699505e-01 5.300499e-01
9.356275e-03 4.699505e-01 5.300499e-01
9.381225e-03 4.699505e-01 5.300499e-01
9.406175e-03 4.699505e-01 5.300499e-01
9.431125e-03 4.699505e-01 5.300499e-01
9.456075e-03 4.699505e-01 5.300499e-01
9.481025e-03 4.699505e-01 5.300499e-01
9.505975e-03 4.699505e-01 5.300499e-01
9.530925e-03 4.699505e-01 5.300499e-01
9.555875e-03 4.699505e-01 5.300499e-01
9.580825e-03 4.699505e-01 5.300499e-01
9.605775e-03 4.699505e-01 5.300499e-01
9.630725e-03 4.699505e-01 5.300499e-01
9.655675e-03 4.699505e-01 5.300499e-01
9.680625e-03 4.699505e-01 5.300499e-01
9.705575e-03 4.699505e-01 5.300499e-01
9.730525e-03 4.699505e-01 5.300499e-01
9.755475e-03 4.699505e-01 5.300499e-01
9.780425e-03 4.699505e-01 5.300499e-01
9.805375e-03 4.699505e-01 5.300499e-01
9.830325e-03 4.699505e-01 5.300499e-01
9.855275e-03 4.699505e-01 5.300499e-01
9.880225e-03 4.699505e-01 5.300499e-01
9.905175e-03 4.699505e-01 5.300499e-01
9.930125e-03 4.699505e-01 5.300499e-01
9.955075e-03 4.699505e-01 5.300499e-01
9.980025e-03 4.699505e-01 5.300499e-01
