# time       norm          energy        x_avg        sx          
0.000000e+00 1.000000e+00  2.882500e+04 -2.000000e+00 7.071068e-02
1.000000e-04 1.000000e+00  2.882500e+04 -1.976000e+00 7.071421e-02
2.000000e-04 1.000000e+00  2.882500e+04 -1.952000e+00 7.072482e-02
3.000000e-04 1.000000e+00  2.882500e+04 -1.928000e+00 7.074249e-02
4.000000e-04 1.000000e+00  2.882500e+04 -1.904000e+00 7.076722e-02
5.000000e-04 1.000000e+00  2.882500e+04 -1.880000e+00 7.079901e-02
6.000000e-04 1.000000e+00  2.882500e+04 -1.856000e+00 7.083784e-02
7.000000e-04 1.000000e+00  2.882500e+04 -1.832000e+00 7.088371e-02
8.000000e-04 1.000000e+00  2.882500e+04 -1.808000e+00 7.093659e-02
9.000000e-04 1.000000e+00  2.882500e+04 -1.784000e+00 7.099648e-02
1.000000e-03 1.000000e+00  2.882500e+04 -1.760000e+00 7.106335e-02
1.100000e-03 1.000000e+00  2.882500e+04 -1.736000e+00 7.113719e-02
1.200000e-03 1.000000e+00  2.882500e+04 -1.712000e+00 7.121798e-02
1.300000e-03 1.000000e+00  2.882500e+04 -1.688000e+00 7.130568e-02
1.400000e-03 1.000000e+00  2.882500e+04 -1.664000e+00 7.140028e-02
1.500000e-03 1.000000e+00  2.882500e+04 -1.640000e+00 7.150175e-02
1.600000e-03 1.000000e+00  2.882500e+04 -1.616000e+00 7.161006e-02
1.700000e-03 1.000000e+00  2.882500e+04 -1.592000e+00 7.172517e-02
1.800000e-03 1.000000e+00  2.882500e+04 -1.568000e+00 7.184706e-02
1.900000e-03 1.000000e+00  2.882500e+04 -1.544000e+00 7.197569e-02
2.000000e-03 1.000000e+00  2.882500e+04 -1.520000e+00 7.211103e-02
2.100000e-03 1.000000e+00  2.882500e+04 -1.496000e+00 7.225303e-02
2.200000e-03 1.000000e+00  2.882500e+04 -1.472000e+00 7.240166e-02
2.300000e-03 1.000000e+00  2.882500e+04 -1.448000e+00 7.255687e-02
2.400000e-03 1.000000e+00  2.882500e+04 -1.424000e+00 7.271864e-02
2.500000e-03 1.000000e+00  2.882500e+04 -1.400000e+00 7.288690e-02
2.600000e-03 1.000000e+00  2.882500e+04 -1.376000e+00 7.306162e-02
2.700000e-03 1.000000e+00  2.882500e+04 -1.352000e+00 7.324275e-02
2.800000e-03 1.000000e+00  2.882500e+04 -1.328000e+00 7.343024e-02
2.900000e-03 1.000000e+00  2.882500e+04 -1.304000e+00 7.362404e-02
3.000000e-03 1.000000e+00  2.882500e+04 -1.280000e+00 7.382412e-02
3.100000e-03 1.000000e+00  2.882500e+04 -1.256000e+00 7.403040e-02
3.200000e-03 1.000000e+00  2.882500e+04 -1.232000e+00 7.424284e-02
3.300000e-03 1.000000e+00  2.882500e+04 -1.208000e+00 7.446140e-02
3.400000e-03 1.000000e+00  2.882500e+04 -1.184000e+00 7.468601e-02
3.500000e-03 1.000000e+00  2.882500e+04 -1.160000e+00 7.491662e-02
3.600000e-03 1.000000e+00  2.882500e+04 -1.136000e+00 7.515318e-02
3.700000e-03 1.000000e+00  2.882500e+04 -1.112000e+00 7.539562e-02
3.800000e-03 1.000000e+00  2.882500e+04 -1.088000e+00 7.564390e-02
3.900000e-03 1.000000e+00  2.882500e+04 -1.064000e+00 7.589796e-02
4.000000e-03 1.000000e+00  2.882500e+04 -1.040000e+00 7.615773e-02
4.100000e-03 1.000000e+00  2.882500e+04 -1.016000e+00 7.642316e-02
4.200000e-03 1.000000e+00  2.882500e+04 -9.920000e-01 7.669420e-02
4.300000e-03 1.000000e+00  2.882500e+04 -9.680000e-01 7.697077e-02
4.400000e-03 1.000000e+00  2.882500e+04 -9.440000e-01 7.725283e-02
4.500000e-03 1.000000e+00  2.882500e+04 -9.200000e-01 7.754031e-02
4.600000e-03 1.000000e+00  2.882500e+04 -8.960000e-01 7.783315e-02
4.700000e-03 1.000000e+00  2.882500e+04 -8.720000e-01 7.813130e-02
4.800000e-03 1.000000e+00  2.882500e+04 -8.480000e-01 7.843469e-02
4.900000e-03 1.000000e+00  2.882500e+04 -8.240000e-01 7.874325e-02
5.000000e-03 1.000000e+00  2.882500e+04 -8.000000e-01 7.905694e-02
5.100000e-03 1.000000e+00  2.882500e+04 -7.760000e-01 7.937569e-02
5.200000e-03 1.000000e+00  2.882500e+04 -7.520000e-01 7.969944e-02
5.300000e-03 1.000000e+00  2.882500e+04 -7.280000e-01 8.002812e-02
5.400000e-03 1.000000e+00  2.882500e+04 -7.040000e-01 8.036168e-02
5.500000e-03 1.000000e+00  2.882500e+04 -6.800000e-01 8.070006e-02
5.600000e-03 1.000000e+00  2.882500e+04 -6.560000e-01 8.104320e-02
5.700000e-03 1.000000e+00  2.882500e+04 -6.320000e-01 8.139103e-02
5.800000e-03 1.000000e+00  2.882500e+04 -6.080000e-01 8.174350e-02
5.900000e-03 1.000000e+00  2.882500e+04 -5.840000e-01 8.210055e-02
6.000000e-03 1.000000e+00  2.882500e+04 -5.600000e-01 8.246211e-02
6.100000e-03 1.000000e+00  2.882500e+04 -5.360000e-01 8.282814e-02
6.200000e-03 1.000000e+00  2.882500e+04 -5.120000e-01 8.319856e-02
6.300000e-03 1.000000e+00  2.882500e+04 -4.880000e-01 8.357332e-02
6.400000e-03 1.000000e+00  2.882500e+04 -4.640000e-01 8.395237e-02
6.500000e-03 1.000000e+00  2.882500e+04 -4.400000e-01 8.433564e-02
6.600000e-03 1.000000e+00  2.882500e+04 -4.160000e-01 8.472308e-02
6.700000e-03 1.000000e+00  2.882500e+04 -3.920000e-01 8.511463e-02
6.800000e-03 1.000000e+00  2.882500e+04 -3.680000e-01 8.551023e-02
6.900000e-03 1.000000e+00  2.882500e+04 -3.440000e-01 8.590984e-02
7.000000e-03 1.000000e+00  2.882500e+04 -3.200000e-01 8.631338e-02
7.100000e-03 1.000000e+00  2.882500e+04 -2.960000e-01 8.672082e-02
7.200000e-03 1.000000e+00  2.882500e+04 -2.720000e-01 8.713208e-02
7.300000e-03 1.000000e+00  2.882500e+04 -2.480000e-01 8.754713e-02
7.400000e-03 1.000000e+00  2.882500e+04 -2.240000e-01 8.796590e-02
7.500000e-03 1.000000e+00  2.882500e+04 -2.000000e-01 8.838835e-02
7.600000e-03 1.000000e+00  2.882500e+04 -1.760000e-01 8.881441e-02
7.700000e-03 1.000000e+00  2.882500e+04 -1.520000e-01 8.924405e-02
7.800000e-03 1.000000e+00  2.882500e+04 -1.280000e-01 8.967720e-02
7.900000e-03 1.000000e+00  2.882500e+04 -1.040000e-01 9.011382e-02
8.000000e-03 1.000000e+00  2.882500e+04 -8.000000e-02 9.055385e-02
