# time       norm          energy        x_avg        sx          
0.000000e+00 1.000000e+00  2.002500e+04 -1.000000e+00 7.071068e-02
1.000000e-04 1.000000e+00  2.002500e+04 -9.800000e-01 7.071421e-02
2.000000e-04 1.000000e+00  2.002500e+04 -9.600000e-01 7.072482e-02
3.000000e-04 1.000000e+00  2.002500e+04 -9.400000e-01 7.074249e-02
4.000000e-04 1.000000e+00  2.002500e+04 -9.200000e-01 7.076722e-02
5.000000e-04 1.000000e+00  2.002500e+04 -9.000000e-01 7.079901e-02
6.000000e-04 1.000000e+00  2.002500e+04 -8.800000e-01 7.083784e-02
7.000000e-04 1.000000e+00  2.002500e+04 -8.600000e-01 7.088371e-02
8.000000e-04 1.000000e+00  2.002500e+04 -8.400000e-01 7.093659e-02
9.000000e-04 1.000000e+00  2.002500e+04 -8.200000e-01 7.099648e-02
1.000000e-03 1.000000e+00  2.002500e+04 -8.000000e-01 7.106335e-02
1.100000e-03 1.000000e+00  2.002500e+04 -7.800000e-01 7.113719e-02
1.200000e-03 1.000000e+00  2.002500e+04 -7.600000e-01 7.121798e-02
1.300000e-03 1.000000e+00  2.002500e+04 -7.400000e-01 7.130568e-02
1.400000e-03 1.000000e+00  2.002500e+04 -7.200000e-01 7.140028e-02
1.500000e-03 1.000000e+00  2.002500e+04 -7.000000e-01 7.150175e-02
1.600000e-03 1.000000e+00  2.002500e+04 -6.800000e-01 7.161006e-02
1.700000e-03 1.000000e+00  2.002500e+04 -6.600000e-01 7.172517e-02
1.800000e-03 1.000000e+00  2.002500e+04 -6.400000e-01 7.184706e-02
1.900000e-03 1.000000e+00  2.002500e+04 -6.200000e-01 7.197569e-02
2.000000e-03 1.000000e+00  2.002500e+04 -6.000000e-01 7.211103e-02
2.100000e-03 1.000000e+00  2.002500e+04 -5.800000e-01 7.225303e-02
2.200000e-03 1.000000e+00  2.002500e+04 -5.600000e-01 7.240166e-02
2.300000e-03 1.000000e+00  2.002500e+04 -5.400000e-01 7.255687e-02
2.400000e-03 1.000000e+00  2.002500e+04 -5.200000e-01 7.271864e-02
2.500000e-03 1.000000e+00  2.002500e+04 -5.000000e-01 7.288690e-02
2.600000e-03 1.000000e+00  2.002500e+04 -4.800000e-01 7.306162e-02
2.700000e-03 1.000000e+00  2.002500e+04 -4.600000e-01 7.324275e-02
2.800000e-03 1.000000e+00  2.002500e+04 -4.400000e-01 7.343024e-02
2.900000e-03 1.000000e+00  2.002500e+04 -4.200000e-01 7.362404e-02
3.000000e-03 1.000000e+00  2.002500e+04 -4.000000e-01 7.382411e-02
3.100000e-03 1.000000e+00  2.002500e+04 -3.800000e-01 7.403038e-02
3.200000e-03 1.000000e+00  2.002500e+04 -3.600000e-01 7.424278e-02
3.300000e-03 1.000000e+00  2.002500e+04 -3.400001e-01 7.446114e-02
3.400000e-03 1.000000e+00  2.002501e+04 -3.200002e-01 7.468507e-02
3.500000e-03 1.000000e+00  2.002504e+04 -3.000008e-01 7.491350e-02
3.600000e-03 1.000000e+00  2.002512e+04 -2.800025e-01 7.514362e-02
3.700000e-03 1.000000e+00  2.002534e+04 -2.600078e-01 7.536855e-02
3.800000e-03 1.000000e+00  2.002592e+04 -2.400221e-01 7.557300e-02
3.900000e-03 1.000000e+00  2.002729e+04 -2.200585e-01 7.572613e-02
4.000000e-03 1.000000e+00  2.003035e+04 -2.001445e-01 7.577194e-02
4.100000e-03 1.000000e+00  2.003664e+04 -1.803337e-01 7.561977e-02
4.200000e-03 1.000000e+00  2.004866e+04 -1.607219e-01 7.514063e-02
4.300000e-03 1.000000e+00  2.007004e+04 -1.414673e-01 7.417808e-02
4.400000e-03 1.000000e+00  2.010546e+04 -1.228082e-01 7.258330e-02
4.500000e-03 1.000000e+00  2.016016e+04 -1.050742e-01 7.028118e-02
4.600000e-03 1.000000e+00  2.023896e+04 -8.867980e-02 6.736788e-02
4.700000e-03 1.000000e+00  2.034499e+04 -7.409728e-02 6.422798e-02
4.800000e-03 1.000000e+00  2.047836e+04 -6.180562e-02 6.162935e-02
4.900000e-03 1.000000e+00  2.063535e+04 -5.222538e-02 6.068602e-02
5.000000e-03 1.000000e+00  2.080842e+04 -4.565294e-02 6.253208e-02
5.100000e-03 1.000000e+00  2.098732e+04 -4.221146e-02 6.777105e-02
5.200000e-03 1.000000e+00  2.116094e+04 -4.183191e-02 7.619859e-02
5.300000e-03 1.000000e+00  2.131944e+04 -4.426875e-02 8.708254e-02
5.400000e-03 1.000000e+00  2.145592e+04 -4.914486e-02 9.961034e-02
5.500000e-03 1.000000e+00  2.156733e+04 -5.601246e-02 1.131339e-01
5.600000e-03 1.000000e+00  2.165426e+04 -6.441443e-02 1.272154e-01
5.700000e-03 1.000000e+00  2.171991e+04 -7.393326e-02 1.415885e-01
5.800000e-03 1.000000e+00  2.176863e+04 -8.422106e-02 1.561042e-01
5.900000e-03 1.000000e+00  2.180456e+04 -9.501035e-02 1.706872e-01
6.000000e-03 1.000000e+00  2.183073e+04 -1.061099e-01 1.853063e-01
6.100000e-03 1.000000e+00  2.184889e+04 -1.173921e-01 1.999579e-01
6.200000e-03 1.000000e+00  2.185992e+04 -1.287768e-01 2.146551e-01
6.300000e-03 1.000000e+00  2.186452e+04 -1.402167e-01 2.294212e-01
6.400000e-03 1.000000e+00  2.186381e+04 -1.516853e-01 2.442833e-01
6.500000e-03 1.000000e+00  2.185946e+04 -1.631686e-01 2.592668e-01
6.600000e-03 1.000000e+00  2.185341e+04 -1.746592e-01 2.743913e-01
6.700000e-03 1.000000e+00  2.184741e+04 -1.861534e-01 2.896681e-01
6.800000e-03 1.000000e+00  2.184261e+04 -1.976495e-01 3.051005e-01
6.900000e-03 1.000000e+00  2.183943e+04 -2.091464e-01 3.206845e-01
7.000000e-03 1.000000e+00  2.183771e+04 -2.206438e-01 3.364117e-01
7.100000e-03 1.000000e+00  2.183704e+04 -2.321412e-01 3.522710e-01
7.200000e-03 1.000000e+00  2.183692e+04 -2.436387e-01 3.682495e-01
7.300000e-03 1.000000e+00  2.183703e+04 -2.551360e-01 3.843328e-01
7.400000e-03 1.000000e+00  2.183717e+04 -2.666327e-01 4.005041e-01
7.500000e-03 1.000000e+00  2.183727e+04 -2.781287e-01 4.167431e-01
7.600000e-03 1.000000e+00  2.183732e+04 -2.896236e-01 4.330260e-01
7.700000e-03 1.000000e+00  2.183734e+04 -3.011171e-01 4.493268e-01
7.800000e-03 1.000000e+00  2.183734e+04 -3.126093e-01 4.656194e-01
7.900000e-03 1.000000e+00  2.183734e+04 -3.241002e-01 4.818811e-01
8.000000e-03 1.000000e+00  2.183733e+04 -3.355904e-01 4.980954e-01
8.100000e-03 1.000000e+00  2.183733e+04 -3.470804e-01 5.142548e-01
8.200000e-03 1.000000e+00  2.183733e+04 -3.585708e-01 5.303607e-01
8.300000e-03 1.000000e+00  2.183732e+04 -3.700621e-01 5.464229e-01
8.400000e-03 1.000000e+00  2.183732e+04 -3.815547e-01 5.624570e-01
8.500000e-03 1.000000e+00  2.183732e+04 -3.930485e-01 5.784811e-01
8.600000e-03 1.000000e+00  2.183731e+04 -4.045435e-01 5.945130e-01
8.700000e-03 1.000000e+00  2.183730e+04 -4.160395e-01 6.105681e-01
8.800000e-03 1.000000e+00  2.183729e+04 -4.275362e-01 6.266577e-01
8.900000e-03 1.000000e+00  2.183728e+04 -4.390334e-01 6.427890e-01
9.000000e-03 1.000000e+00  2.183726e+04 -4.505308e-01 6.589659e-01
9.100000e-03 1.000000e+00  2.183724e+04 -4.620284e-01 6.751899e-01
9.200000e-03 1.000000e+00  2.183722e+04 -4.735258e-01 6.914601e-01
9.300000e-03 1.000000e+00  2.183720e+04 -4.850232e-01 7.077742e-01
9.400000e-03 1.000000e+00  2.183719e+04 -4.965200e-01 7.241274e-01
9.500000e-03 1.000000e+00  2.183717e+04 -5.080162e-01 7.405122e-01
9.600000e-03 1.000000e+00  2.183716e+04 -5.195113e-01 7.569182e-01
9.700000e-03 1.000000e+00  2.183715e+04 -5.310051e-01 7.733321e-01
9.800000e-03 1.000000e+00  2.183714e+04 -5.424975e-01 7.897395e-01
9.900000e-03 1.000000e+00  2.183714e+04 -5.539886e-01 8.061266e-01
1.000000e-02 1.000000e+00  2.183713e+04 -5.654789e-01 8.224821e-01
1.010000e-02 1.000000e+00  2.183713e+04 -5.769689e-01 8.387995e-01
1.020000e-02 1.000000e+00  2.183713e+04 -5.884592e-01 8.550777e-01
1.030000e-02 1.000000e+00  2.183712e+04 -5.999503e-01 8.713209e-01
1.040000e-02 1.000000e+00  2.183712e+04 -6.114426e-01 8.875378e-01
1.050000e-02 1.000000e+00  2.183712e+04 -6.229362e-01 9.037395e-01
1.060000e-02 1.000000e+00  2.183711e+04 -6.344310e-01 9.199378e-01
1.070000e-02 1.000000e+00  2.183710e+04 -6.459269e-01 9.361435e-01
1.080000e-02 1.000000e+00  2.183709e+04 -6.574235e-01 9.523651e-01
1.090000e-02 1.000000e+00  2.183708e+04 -6.689206e-01 9.686088e-01
1.100000e-02 1.000000e+00  2.183706e+04 -6.804180e-01 9.848787e-01
1.110000e-02 1.000000e+00  2.183704e+04 -6.919155e-01 1.001177e+00
1.120000e-02 1.000000e+00  2.183702e+04 -7.034130e-01 1.017504e+00
1.130000e-02 1.000000e+00  2.183700e+04 -7.149103e-01 1.033859e+00
1.140000e-02 1.000000e+00  2.183699e+04 -7.264073e-01 1.050240e+00
1.150000e-02 1.000000e+00  2.183697e+04 -7.379036e-01 1.066643e+00
1.160000e-02 1.000000e+00  2.183696e+04 -7.493989e-01 1.083062e+00
1.170000e-02 1.000000e+00  2.183695e+04 -7.608930e-01 1.099488e+00
1.180000e-02 1.000000e+00  2.183694e+04 -7.723856e-01 1.115912e+00
1.190000e-02 1.000000e+00  2.183694e+04 -7.838769e-01 1.132322e+00
1.200000e-02 1.000000e+00  2.183693e+04 -7.953674e-01 1.148711e+00
