# time       norm          energy        x_avg        sx          
0.000000e+00 1.000000e+00  4.207500e+04 -1.000000e+00 7.071068e-02
1.000000e-04 1.000000e+00  4.207500e+04 -9.710000e-01 7.071421e-02
2.000000e-04 1.000000e+00  4.207500e+04 -9.420000e-01 7.072482e-02
3.000000e-04 1.000000e+00  4.207500e+04 -9.130000e-01 7.074249e-02
4.000000e-04 1.000000e+00  4.207500e+04 -8.840000e-01 7.076722e-02
5.000000e-04 1.000000e+00  4.207500e+04 -8.550000e-01 7.079901e-02
6.000000e-04 1.000000e+00  4.207500e+04 -8.260000e-01 7.083784e-02
7.000000e-04 1.000000e+00  4.207500e+04 -7.970000e-01 7.088371e-02
8.000000e-04 1.000000e+00  4.207500e+04 -7.680000e-01 7.093659e-02
9.000000e-04 1.000000e+00  4.207500e+04 -7.390000e-01 7.099648e-02
1.000000e-03 1.000000e+00  4.207500e+04 -7.100000e-01 7.106335e-02
1.100000e-03 1.000000e+00  4.207500e+04 -6.810000e-01 7.113719e-02
1.200000e-03 1.000000e+00  4.207500e+04 -6.520000e-01 7.121798e-02
1.300000e-03 1.000000e+00  4.207500e+04 -6.230000e-01 7.130568e-02
1.400000e-03 1.000000e+00  4.207500e+04 -5.940000e-01 7.140028e-02
1.500000e-03 1.000000e+00  4.207500e+04 -5.650000e-01 7.150175e-02
1.600000e-03 1.000000e+00  4.207500e+04 -5.360000e-01 7.161006e-02
1.700000e-03 1.000000e+00  4.207500e+04 -5.070000e-01 7.172517e-02
1.800000e-03 1.000000e+00  4.207500e+04 -4.780000e-01 7.184706e-02
1.900000e-03 1.000000e+00  4.207500e+04 -4.490000e-01 7.197569e-02
2.000000e-03 1.000000e+00  4.207500e+04 -4.200000e-01 7.211103e-02
2.100000e-03 1.000000e+00  4.207500e+04 -3.910000e-01 7.225303e-02
2.200000e-03 1.000000e+00  4.207500e+04 -3.620000e-01 7.240165e-02
2.300000e-03 1.000000e+00  4.207500e+04 -3.330000e-01 7.255679e-02
2.400000e-03 1.000000e+00  4.207501e+04 -3.040001e-01 7.271814e-02
2.500000e-03 1.000000e+00  4.207506e+04 -2.750007e-01 7.288436e-02
2.600000e-03 1.000000e+00  4.207527e+04 -2.460032e-01 7.305056e-02
2.700000e-03 1.000000e+00  4.207602e+04 -2.170131e-01 7.320190e-02
2.800000e-03 1.000000e+00  4.207835e+04 -1.880470e-01 7.330231e-02
2.900000e-03 1.000000e+00  4.208449e+04 -1.591452e-01 7.328374e-02
3.000000e-03 1.000000e+00  4.209827e+04 -1.303906e-01 7.305505e-02
3.100000e-03 1.000000e+00  4.212468e+04 -1.019201e-01 7.255760e-02
3.200000e-03 1.000000e+00  4.216803e+04 -7.391387e-02 7.187567e-02
3.300000e-03 1.000000e+00  4.222922e+04 -4.654900e-02 7.135636e-02
3.400000e-03 1.000000e+00  4.230368e+04 -1.993157e-02 7.163656e-02
3.500000e-03 1.000000e+00  4.238212e+04  5.953821e-03 7.348145e-02
3.600000e-03 1.000000e+00  4.245387e+04  3.124134e-02 7.747271e-02
3.700000e-03 1.000000e+00  4.251108e+04  5.612798e-02 8.376938e-02
3.800000e-03 1.000000e+00  4.255101e+04  8.080139e-02 9.213324e-02
3.900000e-03 1.000000e+00  4.257547e+04  1.053929e-01 1.021392e-01
4.000000e-03 1.000000e+00  4.258869e+04  1.299702e-01 1.133629e-01
4.100000e-03 1.000000e+00  4.259500e+04  1.545558e-01 1.254596e-01
4.200000e-03 1.000000e+00  4.259768e+04  1.791507e-01 1.381682e-01
4.300000e-03 1.000000e+00  4.259872e+04  2.037504e-01 1.512964e-01
4.400000e-03 1.000000e+00  4.259913e+04  2.283513e-01 1.647092e-01
4.500000e-03 1.000000e+00  4.259934e+04  2.529525e-01 1.783222e-01
4.600000e-03 1.000000e+00  4.259948e+04  2.775545e-01 1.920931e-01
4.700000e-03 1.000000e+00  4.259956e+04  3.021583e-01 2.060086e-01
4.800000e-03 1.000000e+00  4.259957e+04  3.267644e-01 2.200694e-01
4.900000e-03 1.000000e+00  4.259954e+04  3.513729e-01 2.342778e-01
5.000000e-03 1.000000e+00  4.259949e+04  3.759830e-01 2.486310e-01
5.100000e-03 1.000000e+00  4.259947e+04  4.005942e-01 2.631204e-01
5.200000e-03 1.000000e+00  4.259946e+04  4.252059e-01 2.777330e-01
5.300000e-03 1.000000e+00  4.259946e+04  4.498180e-01 2.924545e-01
5.400000e-03 1.000000e+00  4.259946e+04  4.744301e-01 3.072710e-01
5.500000e-03 1.000000e+00  4.259946e+04  4.990422e-01 3.221698e-01
5.600000e-03 1.000000e+00  4.259946e+04  5.236544e-01 3.371404e-01
5.700000e-03 1.000000e+00  4.259945e+04  5.482665e-01 3.521732e-01
5.800000e-03 1.000000e+00  4.259945e+04  5.728786e-01 3.672602e-01
5.900000e-03 1.000000e+00  4.259945e+04  5.974903e-01 3.823931e-01
6.000000e-03 1.000000e+00  4.259945e+04  6.221013e-01 3.975626e-01
6.100000e-03 1.000000e+00  4.259945e+04  6.467111e-01 4.127572e-01
6.200000e-03 1.000000e+00  4.259945e+04  6.713188e-01 4.279625e-01
6.300000e-03 1.000000e+00  4.259945e+04  6.959241e-01 4.431625e-01
6.400000e-03 1.000000e+00  4.259945e+04  7.205272e-01 4.583430e-01
6.500000e-03 1.000000e+00  4.259945e+04  7.451290e-01 4.734950e-01
6.600000e-03 1.000000e+00  4.259945e+04  7.697309e-01 4.886180e-01
6.700000e-03 1.000000e+00  4.259945e+04  7.943344e-01 5.037194e-01
6.800000e-03 1.000000e+00  4.259945e+04  8.189402e-01 5.188117e-01
6.900000e-03 1.000000e+00  4.259945e+04  8.435482e-01 5.339082e-01
7.000000e-03 1.000000e+00  4.259945e+04  8.681581e-01 5.490196e-01
7.100000e-03 1.000000e+00  4.259945e+04  8.927692e-01 5.641530e-01
7.200000e-03 1.000000e+00  4.259945e+04  9.173809e-01 5.793114e-01
7.300000e-03 1.000000e+00  4.259945e+04  9.419928e-01 5.944955e-01
7.400000e-03 1.000000e+00  4.259944e+04  9.666050e-01 6.097046e-01
7.500000e-03 1.000000e+00  4.259944e+04  9.912171e-01 6.249372e-01
7.600000e-03 1.000000e+00  4.259944e+04  1.015829e+00 6.401919e-01
7.700000e-03 1.000000e+00  4.259944e+04  1.040441e+00 6.554670e-01
7.800000e-03 1.000000e+00  4.259943e+04  1.065053e+00 6.707609e-01
7.900000e-03 1.000000e+00  4.259943e+04  1.089665e+00 6.860716e-01
8.000000e-03 1.000000e+00  4.259943e+04  1.114276e+00 7.013964e-01
8.100000e-03 1.000000e+00  4.259943e+04  1.138886e+00 7.167307e-01
8.200000e-03 1.000000e+00  4.259943e+04  1.163495e+00 7.320681e-01
8.300000e-03 1.000000e+00  4.259943e+04  1.188100e+00 7.474002e-01
8.400000e-03 1.000000e+00  4.259943e+04  1.212704e+00 7.627182e-01
8.500000e-03 1.000000e+00  4.259943e+04  1.237306e+00 7.780153e-01
8.600000e-03 1.000000e+00  4.259943e+04  1.261907e+00 7.932890e-01
8.700000e-03 1.000000e+00  4.259943e+04  1.286511e+00 8.085419e-01
8.800000e-03 1.000000e+00  4.259943e+04  1.311116e+00 8.237808e-01
8.900000e-03 1.000000e+00  4.259943e+04  1.335724e+00 8.390144e-01
9.000000e-03 1.000000e+00  4.259943e+04  1.360333e+00 8.542505e-01
9.100000e-03 1.000000e+00  4.259943e+04  1.384944e+00 8.694950e-01
9.200000e-03 1.000000e+00  4.259943e+04  1.409556e+00 8.847512e-01
9.300000e-03 1.000000e+00  4.259943e+04  1.434168e+00 9.000206e-01
9.400000e-03 1.000000e+00  4.259943e+04  1.458780e+00 9.153037e-01
9.500000e-03 1.000000e+00  4.259942e+04  1.483392e+00 9.306002e-01
9.600000e-03 1.000000e+00  4.259942e+04  1.508004e+00 9.459095e-01
9.700000e-03 1.000000e+00  4.259942e+04  1.532616e+00 9.612309e-01
9.800000e-03 1.000000e+00  4.259942e+04  1.557228e+00 9.765640e-01
9.900000e-03 1.000000e+00  4.259942e+04  1.581840e+00 9.919077e-01
1.000000e-02 1.000000e+00  4.259942e+04  1.606452e+00 1.007261e+00
1.010000e-02 1.000000e+00  4.259942e+04  1.631062e+00 1.022621e+00
1.020000e-02 1.000000e+00  4.259942e+04  1.655670e+00 1.037984e+00
1.030000e-02 1.000000e+00  4.259942e+04  1.680277e+00 1.053344e+00
1.040000e-02 1.000000e+00  4.259942e+04  1.704880e+00 1.068696e+00
1.050000e-02 1.000000e+00  4.259942e+04  1.729482e+00 1.084034e+00
1.060000e-02 1.000000e+00  4.259942e+04  1.754084e+00 1.099354e+00
1.070000e-02 1.000000e+00  4.259942e+04  1.778687e+00 1.114657e+00
1.080000e-02 1.000000e+00  4.259942e+04  1.803292e+00 1.129946e+00
1.090000e-02 1.000000e+00  4.259941e+04  1.827899e+00 1.145228e+00
1.100000e-02 1.000000e+00  4.259941e+04  1.852508e+00 1.160509e+00
1.110000e-02 1.000000e+00  4.259941e+04  1.877119e+00 1.175794e+00
1.120000e-02 1.000000e+00  4.259941e+04  1.901731e+00 1.191085e+00
1.130000e-02 1.000000e+00  4.259941e+04  1.926343e+00 1.206386e+00
1.140000e-02 1.000000e+00  4.259941e+04  1.950955e+00 1.221695e+00
1.150000e-02 1.000000e+00  4.259941e+04  1.975567e+00 1.237014e+00
1.160000e-02 1.000000e+00  4.259940e+04  2.000179e+00 1.252342e+00
1.170000e-02 1.000000e+00  4.259940e+04  2.024791e+00 1.267679e+00
1.180000e-02 1.000000e+00  4.259940e+04  2.049403e+00 1.283024e+00
1.190000e-02 1.000000e+00  4.259940e+04  2.074015e+00 1.298378e+00
1.200000e-02 1.000000e+00  4.259940e+04  2.098627e+00 1.313738e+00
