# time       norm          energy        x_avg        sx          
0.000000e+00 1.000000e+00  3.647500e+04 -1.000000e+00 7.071068e-02
1.000000e-04 1.000000e+00  3.647500e+04 -9.730000e-01 7.071421e-02
2.000000e-04 1.000000e+00  3.647500e+04 -9.460000e-01 7.072482e-02
3.000000e-04 1.000000e+00  3.647500e+04 -9.190000e-01 7.074249e-02
4.000000e-04 1.000000e+00  3.647500e+04 -8.920000e-01 7.076722e-02
5.000000e-04 1.000000e+00  3.647500e+04 -8.650000e-01 7.079901e-02
6.000000e-04 1.000000e+00  3.647500e+04 -8.380000e-01 7.083784e-02
7.000000e-04 1.000000e+00  3.647500e+04 -8.110000e-01 7.088371e-02
8.000000e-04 1.000000e+00  3.647500e+04 -7.840000e-01 7.093659e-02
9.000000e-04 1.000000e+00  3.647500e+04 -7.570000e-01 7.099648e-02
1.000000e-03 1.000000e+00  3.647500e+04 -7.300000e-01 7.106335e-02
1.100000e-03 1.000000e+00  3.647500e+04 -7.030000e-01 7.113719e-02
1.200000e-03 1.000000e+00  3.647500e+04 -6.760000e-01 7.121798e-02
1.300000e-03 1.000000e+00  3.647500e+04 -6.490000e-01 7.130568e-02
1.400000e-03 1.000000e+00  3.647500e+04 -6.220000e-01 7.140028e-02
1.500000e-03 1.000000e+00  3.647500e+04 -5.950000e-01 7.150175e-02
1.600000e-03 1.000000e+00  3.647500e+04 -5.680000e-01 7.161006e-02
1.700000e-03 1.000000e+00  3.647500e+04 -5.410000e-01 7.172517e-02
1.800000e-03 1.000000e+00  3.647500e+04 -5.140000e-01 7.184706e-02
1.900000e-03 1.000000e+00  3.647500e+04 -4.870000e-01 7.197569e-02
2.000000e-03 1.000000e+00  3.647500e+04 -4.600000e-01 7.211103e-02
2.100000e-03 1.000000e+00  3.647500e+04 -4.330000e-01 7.225303e-02
2.200000e-03 1.000000e+00  3.647500e+04 -4.060000e-01 7.240166e-02
2.300000e-03 1.000000e+00  3.647500e+04 -3.790000e-01 7.255687e-02
2.400000e-03 1.000000e+00  3.647500e+04 -3.520000e-01 7.271861e-02
2.500000e-03 1.000000e+00  3.647500e+04 -3.250000e-01 7.288673e-02
2.600000e-03 1.000000e+00  3.647501e+04 -2.980002e-01 7.306074e-02
2.700000e-03 1.000000e+00  3.647506e+04 -2.710010e-01 7.323883e-02
2.800000e-03 1.000000e+00  3.647521e+04 -2.440043e-01 7.341526e-02
2.900000e-03 1.000000e+00  3.647569e+04 -2.170160e-01 7.357441e-02
3.000000e-03 1.000000e+00  3.647699e+04 -1.900517e-01 7.368163e-02
3.100000e-03 1.000000e+00  3.648001e+04 -1.631471e-01 7.367552e-02
3.200000e-03 1.000000e+00  3.648609e+04 -1.363698e-01 7.347500e-02
3.300000e-03 1.000000e+00  3.649671e+04 -1.098258e-01 7.301781e-02
3.400000e-03 1.000000e+00  3.651284e+04 -8.364736e-02 7.233334e-02
3.500000e-03 1.000000e+00  3.653430e+04 -5.795579e-02 7.161993e-02
3.600000e-03 1.000000e+00  3.655943e+04 -3.280939e-02 7.126536e-02
3.700000e-03 1.000000e+00  3.658557e+04 -8.163506e-03 7.175675e-02
3.800000e-03 1.000000e+00  3.660999e+04  1.612753e-02 7.349656e-02
3.900000e-03 1.000000e+00  3.663072e+04  4.026215e-02 7.664010e-02
4.000000e-03 1.000000e+00  3.664693e+04  6.442296e-02 8.107709e-02
4.100000e-03 1.000000e+00  3.665875e+04  8.872571e-02 8.655171e-02
4.200000e-03 1.000000e+00  3.666680e+04  1.132072e-01 9.280402e-02
4.300000e-03 1.000000e+00  3.667191e+04  1.378466e-01 9.964260e-02
4.400000e-03 1.000000e+00  3.667490e+04  1.625978e-01 1.069463e-01
4.500000e-03 1.000000e+00  3.667647e+04  1.874159e-01 1.146373e-01
4.600000e-03 1.000000e+00  3.667716e+04  2.122681e-01 1.226579e-01
4.700000e-03 1.000000e+00  3.667735e+04  2.371359e-01 1.309607e-01
4.800000e-03 1.000000e+00  3.667734e+04  2.620102e-01 1.395069e-01
4.900000e-03 1.000000e+00  3.667734e+04  2.868876e-01 1.482655e-01
5.000000e-03 1.000000e+00  3.667744e+04  3.117670e-01 1.572126e-01
5.100000e-03 1.000000e+00  3.667762e+04  3.366480e-01 1.663286e-01
5.200000e-03 1.000000e+00  3.667781e+04  3.615303e-01 1.755968e-01
5.300000e-03 1.000000e+00  3.667792e+04  3.864134e-01 1.850024e-01
5.400000e-03 1.000000e+00  3.667795e+04  4.112972e-01 1.945312e-01
5.500000e-03 1.000000e+00  3.667794e+04  4.361813e-01 2.041700e-01
5.600000e-03 1.000000e+00  3.667792e+04  4.610655e-01 2.139064e-01
5.700000e-03 1.000000e+00  3.667791e+04  4.859498e-01 2.237292e-01
5.800000e-03 1.000000e+00  3.667791e+04  5.108340e-01 2.336281e-01
5.900000e-03 1.000000e+00  3.667791e+04  5.357183e-01 2.435938e-01
6.000000e-03 1.000000e+00  3.667791e+04  5.606025e-01 2.536179e-01
6.100000e-03 1.000000e+00  3.667791e+04  5.854864e-01 2.636922e-01
6.200000e-03 1.000000e+00  3.667791e+04  6.103700e-01 2.738087e-01
6.300000e-03 1.000000e+00  3.667791e+04  6.352529e-01 2.839590e-01
6.400000e-03 1.000000e+00  3.667791e+04  6.601346e-01 2.941341e-01
6.500000e-03 1.000000e+00  3.667791e+04  6.850150e-01 3.043253e-01
6.600000e-03 1.000000e+00  3.667791e+04  7.098940e-01 3.145250e-01
6.700000e-03 1.000000e+00  3.667791e+04  7.347720e-01 3.247279e-01
6.800000e-03 1.000000e+00  3.667791e+04  7.596498e-01 3.349317e-01
6.900000e-03 1.000000e+00  3.667791e+04  7.845282e-01 3.451371e-01
7.000000e-03 1.000000e+00  3.667791e+04  8.094077e-01 3.553468e-01
7.100000e-03 1.000000e+00  3.667791e+04  8.342885e-01 3.655647e-01
7.200000e-03 1.000000e+00  3.667791e+04  8.591706e-01 3.757948e-01
7.300000e-03 1.000000e+00  3.667791e+04  8.840537e-01 3.860402e-01
7.400000e-03 1.000000e+00  3.667791e+04  9.089373e-01 3.963032e-01
7.500000e-03 1.000000e+00  3.667791e+04  9.338214e-01 4.065850e-01
7.600000e-03 1.000000e+00  3.667790e+04  9.587056e-01 4.168857e-01
7.700000e-03 1.000000e+00  3.667790e+04  9.835898e-01 4.272050e-01
7.800000e-03 1.000000e+00  3.667790e+04  1.008474e+00 4.375420e-01
7.900000e-03 1.000000e+00  3.667790e+04  1.033358e+00 4.478956e-01
8.000000e-03 1.000000e+00  3.667790e+04  1.058243e+00 4.582645e-01
8.100000e-03 1.000000e+00  3.667790e+04  1.083127e+00 4.686470e-01
8.200000e-03 1.000000e+00  3.667790e+04  1.108010e+00 4.790411e-01
8.300000e-03 1.000000e+00  3.667790e+04  1.132893e+00 4.894443e-01
8.400000e-03 1.000000e+00  3.667790e+04  1.157775e+00 4.998534e-01
8.500000e-03 1.000000e+00  3.667790e+04  1.182656e+00 5.102647e-01
8.600000e-03 1.000000e+00  3.667790e+04  1.207535e+00 5.206743e-01
8.700000e-03 1.000000e+00  3.667790e+04  1.232413e+00 5.310791e-01
8.800000e-03 1.000000e+00  3.667790e+04  1.257291e+00 5.414773e-01
8.900000e-03 1.000000e+00  3.667790e+04  1.282169e+00 5.518685e-01
9.000000e-03 1.000000e+00  3.667790e+04  1.307048e+00 5.622544e-01
9.100000e-03 1.000000e+00  3.667790e+04  1.331929e+00 5.726375e-01
9.200000e-03 1.000000e+00  3.667790e+04  1.356811e+00 5.830210e-01
9.300000e-03 1.000000e+00  3.667790e+04  1.381694e+00 5.934078e-01
9.400000e-03 1.000000e+00  3.667790e+04  1.406577e+00 6.038004e-01
9.500000e-03 1.000000e+00  3.667790e+04  1.431461e+00 6.142005e-01
9.600000e-03 1.000000e+00  3.667790e+04  1.456346e+00 6.246090e-01
9.700000e-03 1.000000e+00  3.667790e+04  1.481230e+00 6.350264e-01
9.800000e-03 1.000000e+00  3.667790e+04  1.506114e+00 6.454525e-01
9.900000e-03 1.000000e+00  3.667790e+04  1.530998e+00 6.558872e-01
1.000000e-02 1.000000e+00  3.667790e+04  1.555883e+00 6.663300e-01
1.010000e-02 1.000000e+00  3.667790e+04  1.580767e+00 6.767801e-01
1.020000e-02 1.000000e+00  3.667790e+04  1.605650e+00 6.872367e-01
1.030000e-02 1.000000e+00  3.667790e+04  1.630534e+00 6.976984e-01
1.040000e-02 1.000000e+00  3.667790e+04  1.655416e+00 7.081637e-01
1.050000e-02 1.000000e+00  3.667790e+04  1.680297e+00 7.186302e-01
1.060000e-02 1.000000e+00  3.667790e+04  1.705176e+00 7.290954e-01
1.070000e-02 1.000000e+00  3.667790e+04  1.730054e+00 7.395567e-01
1.080000e-02 1.000000e+00  3.667790e+04  1.754932e+00 7.500122e-01
1.090000e-02 1.000000e+00  3.667790e+04  1.779810e+00 7.604609e-01
1.100000e-02 1.000000e+00  3.667790e+04  1.804689e+00 7.709033e-01
1.110000e-02 1.000000e+00  3.667790e+04  1.829570e+00 7.813409e-01
1.120000e-02 1.000000e+00  3.667790e+04  1.854451e+00 7.917761e-01
1.130000e-02 1.000000e+00  3.667790e+04  1.879334e+00 8.022114e-01
1.140000e-02 1.000000e+00  3.667790e+04  1.904218e+00 8.126490e-01
1.150000e-02 1.000000e+00  3.667790e+04  1.929102e+00 8.230906e-01
1.160000e-02 1.000000e+00  3.667790e+04  1.953986e+00 8.335372e-01
1.170000e-02 1.000000e+00  3.667790e+04  1.978870e+00 8.439893e-01
1.180000e-02 1.000000e+00  3.667790e+04  2.003754e+00 8.544472e-01
1.190000e-02 1.000000e+00  3.667790e+04  2.028639e+00 8.649108e-01
1.200000e-02 1.000000e+00  3.667790e+04  2.053523e+00 8.753799e-01
