# time       norm          energy        x_avg        sx          
0.000000e+00 1.000000e+00  1.622500e+04 -1.000000e+00 7.071068e-02
1.000000e-04 1.000000e+00  1.622500e+04 -9.820000e-01 7.071421e-02
2.000000e-04 1.000000e+00  1.622500e+04 -9.640000e-01 7.072482e-02
3.000000e-04 1.000000e+00  1.622500e+04 -9.460000e-01 7.074249e-02
4.000000e-04 1.000000e+00  1.622500e+04 -9.280000e-01 7.076722e-02
5.000000e-04 1.000000e+00  1.622500e+04 -9.100000e-01 7.079901e-02
6.000000e-04 1.000000e+00  1.622500e+04 -8.920000e-01 7.083784e-02
7.000000e-04 1.000000e+00  1.622500e+04 -8.740000e-01 7.088371e-02
8.000000e-04 1.000000e+00  1.622500e+04 -8.560000e-01 7.093659e-02
9.000000e-04 1.000000e+00  1.622500e+04 -8.380000e-01 7.099648e-02
1.000000e-03 1.000000e+00  1.622500e+04 -8.200000e-01 7.106335e-02
1.100000e-03 1.000000e+00  1.622500e+04 -8.020000e-01 7.113719e-02
1.200000e-03 1.000000e+00  1.622500e+04 -7.840000e-01 7.121798e-02
1.300000e-03 1.000000e+00  1.622500e+04 -7.660000e-01 7.130568e-02
1.400000e-03 1.000000e+00  1.622500e+04 -7.480000e-01 7.140028e-02
1.500000e-03 1.000000e+00  1.622500e+04 -7.300000e-01 7.150175e-02
1.600000e-03 1.000000e+00  1.622500e+04 -7.120000e-01 7.161006e-02
1.700000e-03 1.000000e+00  1.622500e+04 -6.940000e-01 7.172517e-02
1.800000e-03 1.000000e+00  1.622500e+04 -6.760000e-01 7.184706e-02
1.900000e-03 1.000000e+00  1.622500e+04 -6.580000e-01 7.197569e-02
2.000000e-03 1.000000e+00  1.622500e+04 -6.400000e-01 7.211103e-02
2.100000e-03 1.000000e+00  1.622500e+04 -6.220000e-01 7.225303e-02
2.200000e-03 1.000000e+00  1.622500e+04 -6.040000e-01 7.240166e-02
2.300000e-03 1.000000e+00  1.622500e+04 -5.860000e-01 7.255687e-02
2.400000e-03 1.000000e+00  1.622500e+04 -5.680000e-01 7.271864e-02
2.500000e-03 1.000000e+00  1.622500e+04 -5.500000e-01 7.288690e-02
2.600000e-03 1.000000e+00  1.622500e+04 -5.320000e-01 7.306162e-02
2.700000e-03 1.000000e+00  1.622500e+04 -5.140000e-01 7.324275e-02
2.800000e-03 1.000000e+00  1.622500e+04 -4.960000e-01 7.343024e-02
2.900000e-03 1.000000e+00  1.622500e+04 -4.780000e-01 7.362404e-02
3.000000e-03 1.000000e+00  1.622500e+04 -4.600000e-01 7.382412e-02
3.100000e-03 1.000000e+00  1.622500e+04 -4.420000e-01 7.403040e-02
3.200000e-03 1.000000e+00  1.622500e+04 -4.240000e-01 7.424284e-02
3.300000e-03 1.000000e+00  1.622500e+04 -4.060000e-01 7.446140e-02
3.400000e-03 1.000000e+00  1.622500e+04 -3.880000e-01 7.468600e-02
3.500000e-03 1.000000e+00  1.622500e+04 -3.700000e-01 7.491657e-02
3.600000e-03 1.000000e+00  1.622500e+04 -3.520000e-01 7.515299e-02
3.700000e-03 1.000000e+00  1.622501e+04 -3.340001e-01 7.539501e-02
3.800000e-03 1.000000e+00  1.622502e+04 -3.160005e-01 7.564201e-02
3.900000e-03 1.000000e+00  1.622507e+04 -2.980014e-01 7.589252e-02
4.000000e-03 1.000000e+00  1.622519e+04 -2.800040e-01 7.614306e-02
4.100000e-03 1.000000e+00  1.622548e+04 -2.620108e-01 7.638610e-02
4.200000e-03 1.000000e+00  1.622615e+04 -2.440277e-01 7.660642e-02
4.300000e-03 1.000000e+00  1.622763e+04 -2.260666e-01 7.677569e-02
4.400000e-03 1.000000e+00  1.623065e+04 -2.081514e-01 7.684557e-02
4.500000e-03 1.000000e+00  1.623643e+04 -1.903256e-01 7.674089e-02
4.600000e-03 1.000000e+00  1.624688e+04 -1.726639e-01 7.635612e-02
4.700000e-03 1.000000e+00  1.626464e+04 -1.552852e-01 7.555973e-02
4.800000e-03 1.000000e+00  1.629304e+04 -1.383662e-01 7.421147e-02
4.900000e-03 1.000000e+00  1.633591e+04 -1.221513e-01 7.219637e-02
5.000000e-03 1.000000e+00  1.639696e+04 -1.069546e-01 6.947660e-02
5.100000e-03 1.000000e+00  1.647911e+04 -9.314867e-02 6.615838e-02
5.200000e-03 1.000000e+00  1.658366e+04 -8.113968e-02 6.256450e-02
5.300000e-03 1.000000e+00  1.670966e+04 -7.132912e-02 5.928771e-02
5.400000e-03 1.000000e+00  1.685360e+04 -6.406804e-02 5.716388e-02
5.500000e-03 1.000000e+00  1.700972e+04 -5.961265e-02 5.707171e-02
5.600000e-03 1.000000e+00  1.717074e+04 -5.809062e-02 5.955960e-02
5.700000e-03 1.000000e+00  1.732895e+04 -5.948542e-02 6.456971e-02
5.800000e-03 1.000000e+00  1.747740e+04 -6.364192e-02 7.154100e-02
5.900000e-03 1.000000e+00  1.761076e+04 -7.029108e-02 7.974689e-02
6.000000e-03 1.000000e+00  1.772569e+04 -7.908744e-02 8.855362e-02
6.100000e-03 1.000000e+00  1.782078e+04 -8.965115e-02 9.751285e-02
6.200000e-03 1.000000e+00  1.789601e+04 -1.016065e-01 1.063553e-01
6.300000e-03 1.000000e+00  1.795215e+04 -1.146114e-01 1.149507e-01
6.400000e-03 1.000000e+00  1.799035e+04 -1.283754e-01 1.232640e-01
6.500000e-03 1.000000e+00  1.801202e+04 -1.426667e-01 1.313193e-01
6.600000e-03 1.000000e+00  1.801903e+04 -1.573101e-01 1.391728e-01
6.700000e-03 1.000000e+00  1.801398e+04 -1.721800e-01 1.468948e-01
6.800000e-03 1.000000e+00  1.800026e+04 -1.871903e-01 1.545580e-01
6.900000e-03 1.000000e+00  1.798180e+04 -2.022847e-01 1.622301e-01
7.000000e-03 1.000000e+00  1.796248e+04 -2.174280e-01 1.699698e-01
7.100000e-03 1.000000e+00  1.794542e+04 -2.325987e-01 1.778248e-01
7.200000e-03 1.000000e+00  1.793255e+04 -2.477844e-01 1.858312e-01
7.300000e-03 1.000000e+00  1.792443e+04 -2.629782e-01 1.940147e-01
7.400000e-03 1.000000e+00  1.792052e+04 -2.781762e-01 2.023917e-01
7.500000e-03 1.000000e+00  1.791964e+04 -2.933765e-01 2.109704e-01
7.600000e-03 1.000000e+00  1.792052e+04 -3.085778e-01 2.197513e-01
7.700000e-03 1.000000e+00  1.792206e+04 -3.237797e-01 2.287268e-01
7.800000e-03 1.000000e+00  1.792360e+04 -3.389817e-01 2.378801e-01
7.900000e-03 1.000000e+00  1.792479e+04 -3.541835e-01 2.471846e-01
8.000000e-03 1.000000e+00  1.792557e+04 -3.693847e-01 2.566052e-01
8.100000e-03 1.000000e+00  1.792600e+04 -3.845853e-01 2.661004e-01
8.200000e-03 1.000000e+00  1.792620e+04 -3.997851e-01 2.756268e-01
8.300000e-03 1.000000e+00  1.792626e+04 -4.149842e-01 2.851434e-01
8.400000e-03 1.000000e+00  1.792626e+04 -4.301827e-01 2.946161e-01
8.500000e-03 1.000000e+00  1.792623e+04 -4.453808e-01 3.040218e-01
8.600000e-03 1.000000e+00  1.792621e+04 -4.605788e-01 3.133493e-01
8.700000e-03 1.000000e+00  1.792620e+04 -4.757769e-01 3.225995e-01
8.800000e-03 1.000000e+00  1.792620e+04 -4.909755e-01 3.317836e-01
8.900000e-03 1.000000e+00  1.792620e+04 -5.061745e-01 3.409199e-01
9.000000e-03 1.000000e+00  1.792620e+04 -5.213741e-01 3.500310e-01
9.100000e-03 1.000000e+00  1.792620e+04 -5.365743e-01 3.591401e-01
9.200000e-03 1.000000e+00  1.792619e+04 -5.517750e-01 3.682694e-01
9.300000e-03 1.000000e+00  1.792618e+04 -5.669762e-01 3.774383e-01
9.400000e-03 1.000000e+00  1.792617e+04 -5.821777e-01 3.866629e-01
9.500000e-03 1.000000e+00  1.792615e+04 -5.973796e-01 3.959557e-01
9.600000e-03 1.000000e+00  1.792613e+04 -6.125817e-01 4.053253e-01
9.700000e-03 1.000000e+00  1.792611e+04 -6.277840e-01 4.147758e-01
9.800000e-03 1.000000e+00  1.792609e+04 -6.429861e-01 4.243057e-01
9.900000e-03 1.000000e+00  1.792608e+04 -6.581880e-01 4.339070e-01
1.000000e-02 1.000000e+00  1.792606e+04 -6.733894e-01 4.435658e-01
1.010000e-02 1.000000e+00  1.792605e+04 -6.885901e-01 4.532624e-01
1.020000e-02 1.000000e+00  1.792604e+04 -7.037901e-01 4.629738e-01
1.030000e-02 1.000000e+00  1.792603e+04 -7.189893e-01 4.726763e-01
1.040000e-02 1.000000e+00  1.792603e+04 -7.341879e-01 4.823486e-01
1.050000e-02 1.000000e+00  1.792602e+04 -7.493860e-01 4.919747e-01
1.060000e-02 1.000000e+00  1.792602e+04 -7.645840e-01 5.015451e-01
1.070000e-02 1.000000e+00  1.792602e+04 -7.797822e-01 5.110579e-01
1.080000e-02 1.000000e+00  1.792602e+04 -7.949806e-01 5.205178e-01
1.090000e-02 1.000000e+00  1.792602e+04 -8.101796e-01 5.299352e-01
1.100000e-02 1.000000e+00  1.792601e+04 -8.253791e-01 5.393238e-01
1.110000e-02 1.000000e+00  1.792601e+04 -8.405792e-01 5.486989e-01
1.120000e-02 1.000000e+00  1.792600e+04 -8.557798e-01 5.580755e-01
1.130000e-02 1.000000e+00  1.792599e+04 -8.709809e-01 5.674677e-01
1.140000e-02 1.000000e+00  1.792598e+04 -8.861824e-01 5.768877e-01
1.150000e-02 1.000000e+00  1.792596e+04 -9.013842e-01 5.863454e-01
1.160000e-02 1.000000e+00  1.792594e+04 -9.165863e-01 5.958486e-01
1.170000e-02 1.000000e+00  1.792592e+04 -9.317885e-01 6.054021e-01
1.180000e-02 1.000000e+00  1.792591e+04 -9.469907e-01 6.150069e-01
1.190000e-02 1.000000e+00  1.792589e+04 -9.621926e-01 6.246600e-01
1.200000e-02 1.000000e+00  1.792588e+04 -9.773941e-01 6.343533e-01
