t    R    T
0.000000e+00 1.000000e+00 2.846974e-49
1.000000e-04 1.000000e+00 2.241216e-27
2.000000e-04 1.000000e+00 9.175277e-27
3.000000e-04 1.000000e+00 1.920092e-26
4.000000e-04 1.000000e+00 3.317335e-26
5.000000e-04 1.000000e+00 5.103120e-26
6.000000e-04 1.000000e+00 7.275045e-26
7.000000e-04 1.000000e+00 9.864748e-26
8.000000e-04 1.000000e+00 1.289127e-25
9.000000e-04 1.000000e+00 1.632052e-25
1.000000e-03 1.000000e+00 2.010229e-25
1.100000e-03 1.000000e+00 2.433532e-25
1.200000e-03 1.000000e+00 2.908982e-25
1.300000e-03 1.000000e+00 3.432777e-25
1.400000e-03 1.000000e+00 4.136335e-25
1.500000e-03 1.000000e+00 7.232440e-25
1.600000e-03 1.000000e+00 4.315599e-24
1.700000e-03 1.000000e+00 4.934034e-23
1.800000e-03 1.000000e+00 5.779543e-22
1.900000e-03 1.000000e+00 6.376165e-21
2.000000e-03 1.000000e+00 6.592919e-20
2.100000e-03 1.000000e+00 6.390422e-19
2.200000e-03 1.000000e+00 5.806442e-18
2.300000e-03 1.000000e+00 4.944344e-17
2.400000e-03 1.000000e+00 3.944494e-16
2.500000e-03 1.000000e+00 2.947398e-15
2.600000e-03 1.000000e+00 2.062343e-14
2.700000e-03 1.000000e+00 1.351141e-13
2.800000e-03 1.000000e+00 8.287751e-13
2.900000e-03 1.000000e+00 4.759726e-12
3.000000e-03 1.000000e+00 2.559672e-11
3.100000e-03 1.000000e+00 1.289218e-10
3.200000e-03 1.000000e+00 6.083080e-10
3.300000e-03 1.000000e+00 2.689833e-09
3.400000e-03 9.999999e-01 1.115099e-08
3.500000e-03 9.999995e-01 4.336128e-08
3.600000e-03 9.999985e-01 1.582473e-07
3.700000e-03 9.999954e-01 5.423673e-07
3.800000e-03 9.999865e-01 1.746952e-06
3.900000e-03 9.999631e-01 5.292210e-06
4.000000e-03 9.999046e-01 1.509143e-05
4.100000e-03 9.997675e-01 4.054709e-05
4.200000e-03 9.994645e-01 1.027435e-04
4.300000e-03 9.988339e-01 2.457956e-04
4.400000e-03 9.975961e-01 5.557885e-04
4.500000e-03 9.953022e-01 1.189276e-03
4.600000e-03 9.912860e-01 2.411281e-03
4.700000e-03 9.846361e-01 4.638658e-03
4.800000e-03 9.742135e-01 8.478862e-03
4.900000e-03 9.587363e-01 1.474826e-02
5.000000e-03 9.369397e-01 2.445101e-02
5.100000e-03 9.078011e-01 3.870254e-02
5.200000e-03 8.707891e-01 5.859274e-02
5.300000e-03 8.260788e-01 8.500194e-02
5.400000e-03 7.746683e-01 1.184019e-01
5.500000e-03 7.183503e-01 1.586886e-01
5.600000e-03 6.595284e-01 2.050926e-01
5.700000e-03 6.009080e-01 2.562017e-01
5.800000e-03 5.451317e-01 3.100980e-01
5.900000e-03 4.944368e-01 3.645882e-01
6.000000e-03 4.504079e-01 4.174767e-01
6.100000e-03 4.138638e-01 4.668256e-01
6.200000e-03 3.848838e-01 5.111517e-01
6.300000e-03 3.629420e-01 5.495318e-01
6.400000e-03 3.471035e-01 5.816103e-01
6.500000e-03 3.362316e-01 6.075273e-01
6.600000e-03 3.291669e-01 6.277955e-01
6.700000e-03 3.248553e-01 6.431593e-01
6.800000e-03 3.224205e-01 6.544633e-01
6.900000e-03 3.211871e-01 6.625464e-01
7.000000e-03 3.206702e-01 6.681708e-01
7.100000e-03 3.205443e-01 6.719837e-01
7.200000e-03 3.206063e-01 6.745044e-01
7.300000e-03 3.207390e-01 6.761307e-01
7.400000e-03 3.208813e-01 6.771554e-01
7.500000e-03 3.210060e-01 6.777860e-01
7.600000e-03 3.211045e-01 6.781652e-01
7.700000e-03 3.211770e-01 6.783882e-01
7.800000e-03 3.212274e-01 6.785171e-01
7.900000e-03 3.212601e-01 6.785911e-01
8.000000e-03 3.212794e-01 6.786344e-01
8.100000e-03 3.212887e-01 6.786615e-01
8.200000e-03 3.212907e-01 6.786804e-01
8.300000e-03 3.212874e-01 6.786957e-01
8.400000e-03 3.212807e-01 6.787094e-01
8.500000e-03 3.212719e-01 6.787222e-01
8.600000e-03 3.212626e-01 6.787338e-01
8.700000e-03 3.212538e-01 6.787437e-01
8.800000e-03 3.212467e-01 6.787514e-01
8.900000e-03 3.212420e-01 6.787562e-01
9.000000e-03 3.212404e-01 6.787579e-01
9.100000e-03 3.212419e-01 6.787562e-01
9.200000e-03 3.212464e-01 6.787514e-01
9.300000e-03 3.212534e-01 6.787441e-01
9.400000e-03 3.212624e-01 6.787349e-01
9.500000e-03 3.212725e-01 6.787247e-01
9.600000e-03 3.212827e-01 6.787144e-01
9.700000e-03 3.212919e-01 6.787050e-01
9.800000e-03 3.212994e-01 6.786976e-01
9.900000e-03 3.213044e-01 6.786927e-01
1.000000e-02 3.213063e-01 6.786909e-01
1.010000e-02 3.213051e-01 6.786924e-01
1.020000e-02 3.213009e-01 6.786970e-01
1.030000e-02 3.212940e-01 6.787042e-01
1.040000e-02 3.212852e-01 6.787133e-01
1.050000e-02 3.212753e-01 6.787235e-01
1.060000e-02 3.212652e-01 6.787338e-01
1.070000e-02 3.212558e-01 6.787432e-01
1.080000e-02 3.212482e-01 6.787508e-01
1.090000e-02 3.212430e-01 6.787558e-01
1.100000e-02 3.212408e-01 6.787578e-01
1.110000e-02 3.212418e-01 6.787565e-01
1.120000e-02 3.212458e-01 6.787522e-01
1.130000e-02 3.212524e-01 6.787452e-01
1.140000e-02 3.212611e-01 6.787363e-01
1.150000e-02 3.212710e-01 6.787262e-01
1.160000e-02 3.212811e-01 6.787159e-01
1.170000e-02 3.212905e-01 6.787064e-01
1.180000e-02 3.212983e-01 6.786987e-01
1.190000e-02 3.213036e-01 6.786935e-01
1.200000e-02 3.213060e-01 6.786912e-01
