t    R    T
0.000000e+00 1.000000e+00 2.846974e-49
1.000000e-04 1.000000e+00 2.327347e-27
2.000000e-04 1.000000e+00 9.379839e-27
3.000000e-04 1.000000e+00 1.941748e-26
4.000000e-04 1.000000e+00 3.331046e-26
5.000000e-04 1.000000e+00 5.139675e-26
6.000000e-04 1.000000e+00 7.305968e-26
7.000000e-04 1.000000e+00 9.865510e-26
8.000000e-04 1.000000e+00 1.290783e-25
9.000000e-04 1.000000e+00 1.630565e-25
1.000000e-03 1.000000e+00 2.004413e-25
1.100000e-03 1.000000e+00 2.426620e-25
1.200000e-03 1.000000e+00 2.898953e-25
1.300000e-03 1.000000e+00 3.771584e-25
1.400000e-03 1.000000e+00 1.238728e-24
1.500000e-03 1.000000e+00 1.550272e-23
1.600000e-03 1.000000e+00 2.400954e-22
1.700000e-03 1.000000e+00 3.499788e-21
1.800000e-03 1.000000e+00 4.719848e-20
1.900000e-03 1.000000e+00 5.885215e-19
2.000000e-03 1.000000e+00 6.782674e-18
2.100000e-03 1.000000e+00 7.222068e-17
2.200000e-03 1.000000e+00 7.101864e-16
2.300000e-03 1.000000e+00 6.447575e-15
2.400000e-03 1.000000e+00 5.403045e-14
2.500000e-03 1.000000e+00 4.178758e-13
2.600000e-03 1.000000e+00 2.982728e-12
2.700000e-03 1.000000e+00 1.965045e-11
2.800000e-03 1.000000e+00 1.195090e-10
2.900000e-03 1.000000e+00 6.711445e-10
3.000000e-03 9.999999e-01 3.481600e-09
3.100000e-03 9.999998e-01 1.669126e-08
3.200000e-03 9.999991e-01 7.399241e-08
3.300000e-03 9.999968e-01 3.034960e-07
3.400000e-03 9.999894e-01 1.152674e-06
3.500000e-03 9.999671e-01 4.057020e-06
3.600000e-03 9.999048e-01 1.324507e-05
3.700000e-03 9.997438e-01 4.015028e-05
3.800000e-03 9.993580e-01 1.131337e-04
3.900000e-03 9.985001e-01 2.966818e-04
4.000000e-03 9.967278e-01 7.250310e-04
4.100000e-03 9.933238e-01 1.653522e-03
4.200000e-03 9.872401e-01 3.524723e-03
4.300000e-03 9.771135e-01 7.034488e-03
4.400000e-03 9.614004e-01 1.316823e-02
4.500000e-03 9.386531e-01 2.316726e-02
4.600000e-03 9.079036e-01 3.839002e-02
4.700000e-03 8.690593e-01 6.006056e-02
4.800000e-03 8.231704e-01 8.894388e-02
4.900000e-03 7.724427e-01 1.250356e-01
5.000000e-03 7.199454e-01 1.673759e-01
5.100000e-03 6.690724e-01 2.140754e-01
5.200000e-03 6.229132e-01 2.625735e-01
5.300000e-03 5.837203e-01 3.100698e-01
5.400000e-03 5.526191e-01 3.540037e-01
5.500000e-03 5.296091e-01 3.924493e-01
5.600000e-03 5.138064e-01 4.243293e-01
5.700000e-03 5.038102e-01 4.494219e-01
5.800000e-03 4.980711e-01 4.682010e-01
5.900000e-03 4.951715e-01 4.815872e-01
6.000000e-03 4.939813e-01 4.906918e-01
6.100000e-03 4.937008e-01 4.966105e-01
6.200000e-03 4.938258e-01 5.002943e-01
6.300000e-03 4.940762e-01 5.024926e-01
6.400000e-03 4.943203e-01 5.037516e-01
6.500000e-03 4.945118e-01 5.044432e-01
6.600000e-03 4.946466e-01 5.048064e-01
6.700000e-03 4.947363e-01 5.049867e-01
6.800000e-03 4.947952e-01 5.050686e-01
6.900000e-03 4.948349e-01 5.050996e-01
7.000000e-03 4.948633e-01 5.051056e-01
7.100000e-03 4.948845e-01 5.051006e-01
7.200000e-03 4.949004e-01 5.050921e-01
7.300000e-03 4.949114e-01 5.050843e-01
7.400000e-03 4.949177e-01 5.050796e-01
7.500000e-03 4.949192e-01 5.050790e-01
7.600000e-03 4.949160e-01 5.050826e-01
7.700000e-03 4.949088e-01 5.050903e-01
7.800000e-03 4.948980e-01 5.051014e-01
7.900000e-03 4.948848e-01 5.051148e-01
8.000000e-03 4.948704e-01 5.051293e-01
8.100000e-03 4.948562e-01 5.051436e-01
8.200000e-03 4.948436e-01 5.051562e-01
8.300000e-03 4.948339e-01 5.051658e-01
8.400000e-03 4.948281e-01 5.051715e-01
8.500000e-03 4.948266e-01 5.051727e-01
8.600000e-03 4.948296e-01 5.051695e-01
8.700000e-03 4.948366e-01 5.051622e-01
8.800000e-03 4.948471e-01 5.051514e-01
8.900000e-03 4.948600e-01 5.051382e-01
9.000000e-03 4.948743e-01 5.051238e-01
9.100000e-03 4.948885e-01 5.051095e-01
9.200000e-03 4.949012e-01 5.050968e-01
9.300000e-03 4.949111e-01 5.050870e-01
9.400000e-03 4.949173e-01 5.050811e-01
9.500000e-03 4.949191e-01 5.050795e-01
9.600000e-03 4.949164e-01 5.050824e-01
9.700000e-03 4.949097e-01 5.050894e-01
9.800000e-03 4.948995e-01 5.050999e-01
9.900000e-03 4.948867e-01 5.051129e-01
1.000000e-02 4.948726e-01 5.051272e-01
1.010000e-02 4.948584e-01 5.051415e-01
1.020000e-02 4.948456e-01 5.051543e-01
1.030000e-02 4.948355e-01 5.051643e-01
1.040000e-02 4.948291e-01 5.051705e-01
1.050000e-02 4.948270e-01 5.051723e-01
1.060000e-02 4.948293e-01 5.051698e-01
1.070000e-02 4.948357e-01 5.051631e-01
1.080000e-02 4.948457e-01 5.051529e-01
1.090000e-02 4.948582e-01 5.051401e-01
1.100000e-02 4.948722e-01 5.051259e-01
1.110000e-02 4.948864e-01 5.051116e-01
1.120000e-02 4.948993e-01 5.050988e-01
1.130000e-02 4.949095e-01 5.050886e-01
1.140000e-02 4.949162e-01 5.050821e-01
1.150000e-02 4.949186e-01 5.050799e-01
1.160000e-02 4.949166e-01 5.050822e-01
1.170000e-02 4.949105e-01 5.050886e-01
1.180000e-02 4.949009e-01 5.050985e-01
1.190000e-02 4.948885e-01 5.051110e-01
1.200000e-02 4.948746e-01 5.051251e-01
