# time       norm          energy        x_avg        sx          
0.000000e+00 1.000000e+00  5.122500e+04 -1.000000e+00 7.071068e-02
1.000000e-04 1.000000e+00  5.122500e+04 -9.680000e-01 7.071421e-02
2.000000e-04 1.000000e+00  5.122500e+04 -9.360000e-01 7.072482e-02
3.000000e-04 1.000000e+00  5.122500e+04 -9.040000e-01 7.074249e-02
4.000000e-04 1.000000e+00  5.122500e+04 -8.720000e-01 7.076722e-02
5.000000e-04 1.000000e+00  5.122500e+04 -8.400000e-01 7.079901e-02
6.000000e-04 1.000000e+00  5.122500e+04 -8.080000e-01 7.083784e-02
7.000000e-04 1.000000e+00  5.122500e+04 -7.760000e-01 7.088371e-02
8.000000e-04 1.000000e+00  5.122500e+04 -7.440000e-01 7.093659e-02
9.000000e-04 1.000000e+00  5.122500e+04 -7.120000e-01 7.099648e-02
1.000000e-03 1.000000e+00  5.122500e+04 -6.800000e-01 7.106335e-02
1.100000e-03 1.000000e+00  5.122500e+04 -6.480000e-01 7.113719e-02
1.200000e-03 1.000000e+00  5.122500e+04 -6.160000e-01 7.121798e-02
1.300000e-03 1.000000e+00  5.122500e+04 -5.840000e-01 7.130568e-02
1.400000e-03 1.000000e+00  5.122500e+04 -5.520000e-01 7.140028e-02
1.500000e-03 1.000000e+00  5.122500e+04 -5.200000e-01 7.150175e-02
1.600000e-03 1.000000e+00  5.122500e+04 -4.880000e-01 7.161006e-02
1.700000e-03 1.000000e+00  5.122500e+04 -4.560000e-01 7.172517e-02
1.800000e-03 1.000000e+00  5.122500e+04 -4.240000e-01 7.184706e-02
1.900000e-03 1.000000e+00  5.122500e+04 -3.920000e-01 7.197569e-02
2.000000e-03 1.000000e+00  5.122500e+04 -3.600000e-01 7.211102e-02
2.100000e-03 1.000000e+00  5.122500e+04 -3.280000e-01 7.225295e-02
2.200000e-03 1.000000e+00  5.122502e+04 -2.960001e-01 7.240111e-02
2.300000e-03 1.000000e+00  5.122513e+04 -2.640008e-01 7.255369e-02
2.400000e-03 1.000000e+00  5.122568e+04 -2.320045e-01 7.270364e-02
2.500000e-03 1.000000e+00  5.122785e+04 -2.000198e-01 7.282910e-02
2.600000e-03 1.000000e+00  5.123489e+04 -1.680731e-01 7.287919e-02
2.700000e-03 1.000000e+00  5.125368e+04 -1.362271e-01 7.277098e-02
2.800000e-03 1.000000e+00  5.129497e+04 -1.045984e-01 7.243310e-02
2.900000e-03 1.000000e+00  5.136989e+04 -7.335222e-02 7.192061e-02
3.000000e-03 1.000000e+00  5.148236e+04 -4.265393e-02 7.155576e-02
3.100000e-03 1.000000e+00  5.162251e+04 -1.259266e-02 7.196339e-02
3.200000e-03 1.000000e+00  5.176788e+04  1.687105e-02 7.388568e-02
3.300000e-03 1.000000e+00  5.189379e+04  4.588781e-02 7.784876e-02
3.400000e-03 1.000000e+00  5.198514e+04  7.464464e-02 8.395117e-02
3.500000e-03 1.000000e+00  5.204083e+04  1.032912e-01 9.193673e-02
3.600000e-03 1.000000e+00  5.206946e+04  1.319108e-01 1.014105e-01
3.700000e-03 1.000000e+00  5.208192e+04  1.605334e-01 1.119912e-01
3.800000e-03 1.000000e+00  5.208652e+04  1.891628e-01 1.233565e-01
3.900000e-03 1.000000e+00  5.208798e+04  2.177948e-01 1.352381e-01
4.000000e-03 1.000000e+00  5.208838e+04  2.464260e-01 1.474192e-01
4.100000e-03 1.000000e+00  5.208849e+04  2.750556e-01 1.597468e-01
4.200000e-03 1.000000e+00  5.208852e+04  3.036843e-01 1.721444e-01
4.300000e-03 1.000000e+00  5.208852e+04  3.323140e-01 1.846071e-01
4.400000e-03 1.000000e+00  5.208851e+04  3.609460e-01 1.971747e-01
4.500000e-03 1.000000e+00  5.208849e+04  3.895807e-01 2.098961e-01
4.600000e-03 1.000000e+00  5.208848e+04  4.182176e-01 2.228037e-01
4.700000e-03 1.000000e+00  5.208848e+04  4.468560e-01 2.359062e-01
4.800000e-03 1.000000e+00  5.208848e+04  4.754951e-01 2.491937e-01
4.900000e-03 1.000000e+00  5.208848e+04  5.041344e-01 2.626474e-01
5.000000e-03 1.000000e+00  5.208847e+04  5.327739e-01 2.762464e-01
5.100000e-03 1.000000e+00  5.208846e+04  5.614134e-01 2.899712e-01
5.200000e-03 1.000000e+00  5.208846e+04  5.900530e-01 3.038052e-01
5.300000e-03 1.000000e+00  5.208845e+04  6.186925e-01 3.177340e-01
5.400000e-03 1.000000e+00  5.208844e+04  6.473320e-01 3.317457e-01
5.500000e-03 1.000000e+00  5.208844e+04  6.759714e-01 3.458295e-01
5.600000e-03 1.000000e+00  5.208844e+04  7.046107e-01 3.599746e-01
5.700000e-03 1.000000e+00  5.208844e+04  7.332493e-01 3.741680e-01
5.800000e-03 1.000000e+00  5.208844e+04  7.618868e-01 3.883909e-01
5.900000e-03 1.000000e+00  5.208844e+04  7.905221e-01 4.026167e-01
6.000000e-03 1.000000e+00  5.208844e+04  8.191547e-01 4.168125e-01
6.100000e-03 1.000000e+00  5.208844e+04  8.477848e-01 4.309480e-01
6.200000e-03 1.000000e+00  5.208844e+04  8.764136e-01 4.450063e-01
6.300000e-03 1.000000e+00  5.208844e+04  9.050430e-01 4.589923e-01
6.400000e-03 1.000000e+00  5.208844e+04  9.336746e-01 4.729297e-01
6.500000e-03 1.000000e+00  5.208844e+04  9.623089e-01 4.868505e-01
6.600000e-03 1.000000e+00  5.208844e+04  9.909455e-01 5.007837e-01
6.700000e-03 1.000000e+00  5.208843e+04  1.019584e+00 5.147484e-01
6.800000e-03 1.000000e+00  5.208843e+04  1.048223e+00 5.287541e-01
6.900000e-03 1.000000e+00  5.208843e+04  1.076862e+00 5.428032e-01
7.000000e-03 1.000000e+00  5.208842e+04  1.105501e+00 5.568946e-01
7.100000e-03 1.000000e+00  5.208842e+04  1.134141e+00 5.710259e-01
7.200000e-03 1.000000e+00  5.208841e+04  1.162780e+00 5.851945e-01
7.300000e-03 1.000000e+00  5.208840e+04  1.191420e+00 5.993978e-01
7.400000e-03 1.000000e+00  5.208840e+04  1.220060e+00 6.136332e-01
7.500000e-03 1.000000e+00  5.208839e+04  1.248699e+00 6.278985e-01
7.600000e-03 1.000000e+00  5.208839e+04  1.277338e+00 6.421906e-01
7.700000e-03 1.000000e+00  5.208839e+04  1.305977e+00 6.565051e-01
7.800000e-03 1.000000e+00  5.208839e+04  1.334615e+00 6.708343e-01
7.900000e-03 1.000000e+00  5.208839e+04  1.363251e+00 6.851651e-01
8.000000e-03 1.000000e+00  5.208839e+04  1.391884e+00 6.994796e-01
8.100000e-03 1.000000e+00  5.208839e+04  1.420514e+00 7.137582e-01
8.200000e-03 1.000000e+00  5.208839e+04  1.449143e+00 7.279868e-01
8.300000e-03 1.000000e+00  5.208839e+04  1.477772e+00 7.421634e-01
8.400000e-03 1.000000e+00  5.208839e+04  1.506403e+00 7.562984e-01
8.500000e-03 1.000000e+00  5.208839e+04  1.535037e+00 7.704105e-01
8.600000e-03 1.000000e+00  5.208839e+04  1.563673e+00 7.845192e-01
8.700000e-03 1.000000e+00  5.208839e+04  1.592311e+00 7.986390e-01
8.800000e-03 1.000000e+00  5.208839e+04  1.620950e+00 8.127785e-01
8.900000e-03 1.000000e+00  5.208838e+04  1.649590e+00 8.269411e-01
9.000000e-03 1.000000e+00  5.208838e+04  1.678229e+00 8.411277e-01
9.100000e-03 1.000000e+00  5.208837e+04  1.706868e+00 8.553377e-01
9.200000e-03 1.000000e+00  5.208836e+04  1.735508e+00 8.695702e-01
9.300000e-03 1.000000e+00  5.208836e+04  1.764148e+00 8.838242e-01
9.400000e-03 1.000000e+00  5.208835e+04  1.792787e+00 8.980986e-01
9.500000e-03 1.000000e+00  5.208835e+04  1.821427e+00 9.123923e-01
9.600000e-03 1.000000e+00  5.208834e+04  1.850066e+00 9.267040e-01
9.700000e-03 1.000000e+00  5.208834e+04  1.878705e+00 9.410315e-01
9.800000e-03 1.000000e+00  5.208834e+04  1.907343e+00 9.553704e-01
9.900000e-03 1.000000e+00  5.208834e+04  1.935979e+00 9.697131e-01
1.000000e-02 1.000000e+00  5.208834e+04  1.964612e+00 9.840477e-01
1.010000e-02 1.000000e+00  5.208834e+04  1.993243e+00 9.983601e-01
1.020000e-02 1.000000e+00  5.208834e+04  2.021872e+00 1.012638e+00
1.030000e-02 1.000000e+00  5.208834e+04  2.050501e+00 1.026877e+00
1.040000e-02 1.000000e+00  5.208834e+04  2.079132e+00 1.041082e+00
1.050000e-02 1.000000e+00  5.208834e+04  2.107765e+00 1.055264e+00
1.060000e-02 1.000000e+00  5.208834e+04  2.136401e+00 1.069439e+00
1.070000e-02 1.000000e+00  5.208834e+04  2.165039e+00 1.083617e+00
1.080000e-02 1.000000e+00  5.208834e+04  2.193678e+00 1.097807e+00
1.090000e-02 1.000000e+00  5.208834e+04  2.222317e+00 1.112013e+00
1.100000e-02 1.000000e+00  5.208833e+04  2.250956e+00 1.126235e+00
1.110000e-02 1.000000e+00  5.208833e+04  2.279596e+00 1.140473e+00
1.120000e-02 1.000000e+00  5.208832e+04  2.308236e+00 1.154728e+00
1.130000e-02 1.000000e+00  5.208831e+04  2.336875e+00 1.168998e+00
1.140000e-02 1.000000e+00  5.208830e+04  2.365515e+00 1.183284e+00
1.150000e-02 1.000000e+00  5.208830e+04  2.394154e+00 1.197584e+00
1.160000e-02 1.000000e+00  5.208830e+04  2.422793e+00 1.211898e+00
1.170000e-02 1.000000e+00  5.208830e+04  2.451432e+00 1.226224e+00
1.180000e-02 1.000000e+00  5.208829e+04  2.480071e+00 1.240560e+00
1.190000e-02 1.000000e+00  5.208829e+04  2.508707e+00 1.254901e+00
1.200000e-02 1.000000e+00  5.208829e+04  2.537341e+00 1.269239e+00
