t    R    T
0.000000e+00 1.000000e+00 2.846974e-49
1.000000e-04 1.000000e+00 2.209795e-27
2.000000e-04 1.000000e+00 8.940521e-27
3.000000e-04 1.000000e+00 1.908337e-26
4.000000e-04 1.000000e+00 3.307546e-26
5.000000e-04 1.000000e+00 5.102410e-26
6.000000e-04 1.000000e+00 7.304898e-26
7.000000e-04 1.000000e+00 9.929303e-26
8.000000e-04 1.000000e+00 1.407018e-25
9.000000e-04 1.000000e+00 7.592048e-25
1.000000e-03 1.000000e+00 5.121685e-23
1.100000e-03 1.000000e+00 3.765266e-21
1.200000e-03 1.000000e+00 2.297910e-19
1.300000e-03 1.000000e+00 1.153384e-17
1.400000e-03 1.000000e+00 4.753709e-16
1.500000e-03 1.000000e+00 1.607726e-14
1.600000e-03 1.000000e+00 4.460537e-13
1.700000e-03 1.000000e+00 1.015263e-11
1.800000e-03 1.000000e+00 1.896491e-10
1.900000e-03 9.999999e-01 2.909466e-09
2.000000e-03 9.999989e-01 3.669643e-08
2.100000e-03 9.999911e-01 3.810620e-07
2.200000e-03 9.999421e-01 3.263679e-06
2.300000e-03 9.996882e-01 2.310560e-05
2.400000e-03 9.986011e-01 1.355759e-04
2.500000e-03 9.947522e-01 6.614353e-04
2.600000e-03 9.834610e-01 2.693281e-03
2.700000e-03 9.559572e-01 9.194581e-03
2.800000e-03 9.002132e-01 2.646022e-02
2.900000e-03 8.060156e-01 6.461104e-02
3.000000e-03 6.730714e-01 1.349351e-01
3.100000e-03 5.161859e-01 2.433744e-01
3.200000e-03 3.613860e-01 3.836577e-01
3.300000e-03 2.339507e-01 5.363586e-01
3.400000e-03 1.469726e-01 6.766294e-01
3.500000e-03 9.847684e-02 7.856741e-01
3.600000e-03 7.715642e-02 8.575957e-01
3.700000e-03 7.048745e-02 8.979263e-01
3.800000e-03 6.965932e-02 9.171790e-01
3.900000e-03 7.027577e-02 9.250023e-01
4.000000e-03 7.084389e-02 9.276996e-01
4.100000e-03 7.113692e-02 9.284782e-01
4.200000e-03 7.125750e-02 9.286560e-01
4.300000e-03 7.130530e-02 9.286783e-01
4.400000e-03 7.132676e-02 9.286707e-01
4.500000e-03 7.133742e-02 9.286622e-01
4.600000e-03 7.134209e-02 9.286576e-01
4.700000e-03 7.134278e-02 9.286564e-01
4.800000e-03 7.134016e-02 9.286581e-01
4.900000e-03 7.133381e-02 9.286630e-01
5.000000e-03 7.132284e-02 9.286723e-01
5.100000e-03 7.130726e-02 9.286864e-01
5.200000e-03 7.128888e-02 9.287040e-01
5.300000e-03 7.127098e-02 9.287222e-01
5.400000e-03 7.125674e-02 9.287377e-01
5.500000e-03 7.124768e-02 9.287484e-01
5.600000e-03 7.124343e-02 9.287542e-01
5.700000e-03 7.124274e-02 9.287561e-01
5.800000e-03 7.124491e-02 9.287546e-01
5.900000e-03 7.125032e-02 9.287495e-01
6.000000e-03 7.126003e-02 9.287399e-01
6.100000e-03 7.127447e-02 9.287255e-01
6.200000e-03 7.129233e-02 9.287077e-01
6.300000e-03 7.131059e-02 9.286894e-01
6.400000e-03 7.132590e-02 9.286741e-01
6.500000e-03 7.133631e-02 9.286636e-01
6.600000e-03 7.134171e-02 9.286580e-01
6.700000e-03 7.134309e-02 9.286562e-01
6.800000e-03 7.134116e-02 9.286573e-01
6.900000e-03 7.133562e-02 9.286615e-01
7.000000e-03 7.132559e-02 9.286698e-01
7.100000e-03 7.131079e-02 9.286830e-01
7.200000e-03 7.129267e-02 9.287003e-01
7.300000e-03 7.127433e-02 9.287187e-01
7.400000e-03 7.125913e-02 9.287351e-01
7.500000e-03 7.124898e-02 9.287468e-01
7.600000e-03 7.124382e-02 9.287536e-01
7.700000e-03 7.124247e-02 9.287562e-01
7.800000e-03 7.124404e-02 9.287553e-01
7.900000e-03 7.124871e-02 9.287510e-01
8.000000e-03 7.125751e-02 9.287424e-01
8.100000e-03 7.127111e-02 9.287289e-01
8.200000e-03 7.128856e-02 9.287114e-01
8.300000e-03 7.130709e-02 9.286929e-01
8.400000e-03 7.132327e-02 9.286767e-01
8.500000e-03 7.133476e-02 9.286652e-01
8.600000e-03 7.134113e-02 9.286587e-01
8.700000e-03 7.134325e-02 9.286562e-01
8.800000e-03 7.134199e-02 9.286567e-01
8.900000e-03 7.133725e-02 9.286601e-01
9.000000e-03 7.132815e-02 9.286676e-01
9.100000e-03 7.131420e-02 9.286799e-01
9.200000e-03 7.129647e-02 9.286965e-01
9.300000e-03 7.127783e-02 9.287151e-01
9.400000e-03 7.126175e-02 9.287322e-01
9.500000e-03 7.125050e-02 9.287450e-01
9.600000e-03 7.124439e-02 9.287528e-01
9.700000e-03 7.124234e-02 9.287561e-01
9.800000e-03 7.124331e-02 9.287560e-01
9.900000e-03 7.124727e-02 9.287524e-01
1.000000e-02 7.125518e-02 9.287447e-01
1.010000e-02 7.126788e-02 9.287321e-01
1.020000e-02 7.128481e-02 9.287152e-01
1.030000e-02 7.130348e-02 9.286965e-01
1.040000e-02 7.132043e-02 9.286796e-01
1.050000e-02 7.133298e-02 9.286670e-01
1.060000e-02 7.134035e-02 9.286595e-01
1.070000e-02 7.134327e-02 9.286562e-01
1.080000e-02 7.134268e-02 9.286561e-01
1.090000e-02 7.133869e-02 9.286589e-01
1.100000e-02 7.133052e-02 9.286655e-01
1.110000e-02 7.131747e-02 9.286769e-01
1.120000e-02 7.130025e-02 9.286929e-01
1.130000e-02 7.128146e-02 9.287114e-01
1.140000e-02 7.126458e-02 9.287292e-01
1.150000e-02 7.125225e-02 9.287430e-01
1.160000e-02 7.124514e-02 9.287518e-01
1.170000e-02 7.124234e-02 9.287560e-01
1.180000e-02 7.124271e-02 9.287565e-01
1.190000e-02 7.124600e-02 9.287537e-01
1.200000e-02 7.125304e-02 9.287468e-01
