# time       norm          energy        x_avg        sx          
0.000000e+00 1.000000e+00  2.422500e+04 -1.000000e+00 7.071068e-02
1.000000e-04 1.000000e+00  2.422500e+04 -9.780000e-01 7.071421e-02
2.000000e-04 1.000000e+00  2.422500e+04 -9.560000e-01 7.072482e-02
3.000000e-04 1.000000e+00  2.422500e+04 -9.340000e-01 7.074249e-02
4.000000e-04 1.000000e+00  2.422500e+04 -9.120000e-01 7.076722e-02
5.000000e-04 1.000000e+00  2.422500e+04 -8.900000e-01 7.079901e-02
6.000000e-04 1.000000e+00  2.422500e+04 -8.680000e-01 7.083784e-02
7.000000e-04 1.000000e+00  2.422500e+04 -8.460000e-01 7.088371e-02
8.000000e-04 1.000000e+00  2.422500e+04 -8.240000e-01 7.093659e-02
9.000000e-04 1.000000e+00  2.422500e+04 -8.020000e-01 7.099648e-02
1.000000e-03 1.000000e+00  2.422500e+04 -7.800000e-01 7.106335e-02
1.100000e-03 1.000000e+00  2.422500e+04 -7.580000e-01 7.113719e-02
1.200000e-03 1.000000e+00  2.422500e+04 -7.360000e-01 7.121798e-02
1.300000e-03 1.000000e+00  2.422500e+04 -7.140000e-01 7.130568e-02
1.400000e-03 1.000000e+00  2.422500e+04 -6.920000e-01 7.140028e-02
1.500000e-03 1.000000e+00  2.422500e+04 -6.700000e-01 7.150175e-02
1.600000e-03 1.000000e+00  2.422500e+04 -6.480000e-01 7.161006e-02
1.700000e-03 1.000000e+00  2.422500e+04 -6.260000e-01 7.172517e-02
1.800000e-03 1.000000e+00  2.422500e+04 -6.040000e-01 7.184706e-02
1.900000e-03 1.000000e+00  2.422500e+04 -5.820000e-01 7.197569e-02
2.000000e-03 1.000000e+00  2.422500e+04 -5.600000e-01 7.211103e-02
2.100000e-03 1.000000e+00  2.422500e+04 -5.380000e-01 7.225303e-02
2.200000e-03 1.000000e+00  2.422500e+04 -5.160000e-01 7.240166e-02
2.300000e-03 1.000000e+00  2.422500e+04 -4.940000e-01 7.255687e-02
2.400000e-03 1.000000e+00  2.422500e+04 -4.720000e-01 7.271864e-02
2.500000e-03 1.000000e+00  2.422500e+04 -4.500000e-01 7.288690e-02
2.600000e-03 1.000000e+00  2.422500e+04 -4.280000e-01 7.306162e-02
2.700000e-03 1.000000e+00  2.422500e+04 -4.060000e-01 7.324275e-02
2.800000e-03 1.000000e+00  2.422500e+04 -3.840000e-01 7.343023e-02
2.900000e-03 1.000000e+00  2.422500e+04 -3.620000e-01 7.362401e-02
3.000000e-03 1.000000e+00  2.422500e+04 -3.400000e-01 7.382395e-02
3.100000e-03 1.000000e+00  2.422501e+04 -3.180002e-01 7.402974e-02
3.200000e-03 1.000000e+00  2.422503e+04 -2.960006e-01 7.424040e-02
3.300000e-03 1.000000e+00  2.422509e+04 -2.740022e-01 7.445316e-02
3.400000e-03 1.000000e+00  2.422527e+04 -2.520073e-01 7.466082e-02
3.500000e-03 1.000000e+00  2.422576e+04 -2.300221e-01 7.484658e-02
3.600000e-03 1.000000e+00  2.422697e+04 -2.080617e-01 7.497571e-02
3.700000e-03 1.000000e+00  2.422973e+04 -1.861586e-01 7.498534e-02
3.800000e-03 1.000000e+00  2.423550e+04 -1.643760e-01 7.477720e-02
3.900000e-03 1.000000e+00  2.424660e+04 -1.428256e-01 7.422274e-02
4.000000e-03 1.000000e+00  2.426632e+04 -1.216840e-01 7.319292e-02
4.100000e-03 1.000000e+00  2.429870e+04 -1.012030e-01 7.162227e-02
4.200000e-03 1.000000e+00  2.434797e+04 -8.170309e-02 6.960840e-02
4.300000e-03 1.000000e+00  2.441750e+04 -6.354505e-02 6.753179e-02
4.400000e-03 1.000000e+00  2.450858e+04 -4.708188e-02 6.614771e-02
4.500000e-03 1.000000e+00  2.461941e+04 -3.259992e-02 6.654376e-02
4.600000e-03 1.000000e+00  2.474477e+04 -2.026653e-02 6.983634e-02
4.700000e-03 1.000000e+00  2.487657e+04 -1.009992e-02 7.668838e-02
4.800000e-03 1.000000e+00  2.500543e+04 -1.969784e-03 8.705780e-02
4.900000e-03 1.000000e+00  2.512257e+04  4.372894e-03 1.003956e-01
5.000000e-03 1.000000e+00  2.522155e+04  9.247881e-03 1.160030e-01
5.100000e-03 1.000000e+00  2.529930e+04  1.299387e-02 1.332528e-01
5.200000e-03 1.000000e+00  2.535614e+04  1.592539e-02 1.516553e-01
5.300000e-03 1.000000e+00  2.539501e+04  1.830555e-02 1.708509e-01
5.400000e-03 1.000000e+00  2.542032e+04  2.033525e-02 1.905827e-01
5.500000e-03 1.000000e+00  2.543669e+04  2.215567e-02 2.106721e-01
5.600000e-03 1.000000e+00  2.544804e+04  2.385846e-02 2.309999e-01
5.700000e-03 1.000000e+00  2.545697e+04  2.549868e-02 2.514920e-01
5.800000e-03 1.000000e+00  2.546472e+04  2.710698e-02 2.721084e-01
5.900000e-03 1.000000e+00  2.547149e+04  2.869920e-02 2.928324e-01
6.000000e-03 1.000000e+00  2.547696e+04  3.028306e-02 3.136620e-01
6.100000e-03 1.000000e+00  2.548084e+04  3.186220e-02 3.346016e-01
6.200000e-03 1.000000e+00  2.548309e+04  3.343842e-02 3.556561e-01
6.300000e-03 1.000000e+00  2.548405e+04  3.501274e-02 3.768276e-01
6.400000e-03 1.000000e+00  2.548417e+04  3.658584e-02 3.981139e-01
6.500000e-03 1.000000e+00  2.548391e+04  3.815825e-02 4.195086e-01
6.600000e-03 1.000000e+00  2.548359e+04  3.973035e-02 4.410020e-01
6.700000e-03 1.000000e+00  2.548334e+04  4.130246e-02 4.625831e-01
6.800000e-03 1.000000e+00  2.548319e+04  4.287481e-02 4.842399e-01
6.900000e-03 1.000000e+00  2.548312e+04  4.444764e-02 5.059608e-01
7.000000e-03 1.000000e+00  2.548310e+04  4.602121e-02 5.277341e-01
7.100000e-03 1.000000e+00  2.548309e+04  4.759589e-02 5.495475e-01
7.200000e-03 1.000000e+00  2.548308e+04  4.917207e-02 5.713879e-01
7.300000e-03 1.000000e+00  2.548308e+04  5.075012e-02 5.932412e-01
7.400000e-03 1.000000e+00  2.548307e+04  5.233020e-02 6.150931e-01
7.500000e-03 1.000000e+00  2.548307e+04  5.391215e-02 6.369307e-01
7.600000e-03 1.000000e+00  2.548307e+04  5.549541e-02 6.587441e-01
7.700000e-03 1.000000e+00  2.548307e+04  5.707911e-02 6.805281e-01
7.800000e-03 1.000000e+00  2.548307e+04  5.866232e-02 7.022829e-01
7.900000e-03 1.000000e+00  2.548307e+04  6.024417e-02 7.240141e-01
8.000000e-03 1.000000e+00  2.548307e+04  6.182415e-02 7.457310e-01
8.100000e-03 1.000000e+00  2.548306e+04  6.340205e-02 7.674449e-01
8.200000e-03 1.000000e+00  2.548306e+04  6.497802e-02 7.891669e-01
8.300000e-03 1.000000e+00  2.548306e+04  6.655240e-02 8.109064e-01
8.400000e-03 1.000000e+00  2.548305e+04  6.812561e-02 8.326704e-01
8.500000e-03 1.000000e+00  2.548304e+04  6.969809e-02 8.544627e-01
8.600000e-03 1.000000e+00  2.548303e+04  7.127022e-02 8.762847e-01
8.700000e-03 1.000000e+00  2.548302e+04  7.284230e-02 8.981358e-01
8.800000e-03 1.000000e+00  2.548301e+04  7.441460e-02 9.200141e-01
8.900000e-03 1.000000e+00  2.548300e+04  7.598733e-02 9.419169e-01
9.000000e-03 1.000000e+00  2.548299e+04  7.756075e-02 9.638405e-01
9.100000e-03 1.000000e+00  2.548299e+04  7.913520e-02 9.857805e-01
9.200000e-03 1.000000e+00  2.548298e+04  8.071109e-02 1.007731e+00
9.300000e-03 1.000000e+00  2.548298e+04  8.228878e-02 1.029686e+00
9.400000e-03 1.000000e+00  2.548297e+04  8.386851e-02 1.051637e+00
9.500000e-03 1.000000e+00  2.548297e+04  8.545015e-02 1.073577e+00
9.600000e-03 1.000000e+00  2.548297e+04  8.703323e-02 1.095499e+00
9.700000e-03 1.000000e+00  2.548297e+04  8.861692e-02 1.117399e+00
9.800000e-03 1.000000e+00  2.548296e+04  9.020027e-02 1.139278e+00
9.900000e-03 1.000000e+00  2.548296e+04  9.178241e-02 1.161136e+00
1.000000e-02 1.000000e+00  2.548296e+04  9.336274e-02 1.182980e+00
1.010000e-02 1.000000e+00  2.548296e+04  9.494101e-02 1.204816e+00
1.020000e-02 1.000000e+00  2.548296e+04  9.651731e-02 1.226651e+00
1.030000e-02 1.000000e+00  2.548295e+04  9.809194e-02 1.248493e+00
1.040000e-02 1.000000e+00  2.548295e+04  9.966533e-02 1.270347e+00
1.050000e-02 1.000000e+00  2.548294e+04  1.012379e-01 1.292216e+00
1.060000e-02 1.000000e+00  2.548293e+04  1.028101e-01 1.314102e+00
1.070000e-02 1.000000e+00  2.548292e+04  1.043822e-01 1.336005e+00
1.080000e-02 1.000000e+00  2.548291e+04  1.059544e-01 1.357925e+00
1.090000e-02 1.000000e+00  2.548290e+04  1.075270e-01 1.379860e+00
1.100000e-02 1.000000e+00  2.548289e+04  1.091003e-01 1.401810e+00
1.110000e-02 1.000000e+00  2.548288e+04  1.106746e-01 1.423770e+00
1.120000e-02 1.000000e+00  2.548288e+04  1.122502e-01 1.445737e+00
1.130000e-02 1.000000e+00  2.548287e+04  1.138275e-01 1.467708e+00
1.140000e-02 1.000000e+00  2.548287e+04  1.154069e-01 1.489676e+00
1.150000e-02 1.000000e+00  2.548287e+04  1.169882e-01 1.511637e+00
1.160000e-02 1.000000e+00  2.548286e+04  1.185711e-01 1.533586e+00
1.170000e-02 1.000000e+00  2.548286e+04  1.201547e-01 1.555519e+00
1.180000e-02 1.000000e+00  2.548286e+04  1.217382e-01 1.577434e+00
1.190000e-02 1.000000e+00  2.548286e+04  1.233206e-01 1.599335e+00
1.200000e-02 1.000000e+00  2.548286e+04  1.249013e-01 1.621222e+00
